5,0,CT_abs,DS,0,0.500000000,1,0.212780124,1,529.416610812,529.885902013,162.158951776,26,0,100,756.772659122,25,415.155595636,2558,0.000000000,0,0.000000000,
6,0,CT_abs,DS,0,0.500000000,1,4.075641083,1,850.779313443,851.564430460,321.678528447,685,0,1938,13157.733254068,684,5365.393300935,27153,0.000000000,0,0.000000000,
7,0,CT_abs,DS,0,0.500000000,1,7.519376375,1,1051.560068741,1052.380250136,321.678528447,1077,0,3172,21380.260145031,1076,8741.154563564,55787,0.000000000,0,0.000000000,
8,0,CT_abs,DS,0,0.500000000,1,7.901576394,1,1188.655025008,1189.475206403,321.678528447,1077,0,3172,21380.260145031,1076,8741.154563564,55787,0.000000000,0,0.000000000,
5,0,CT_abs,DS,0,0.500000000,2,0.200337183,1,598.423441790,598.487316088,195.922948551,76,0,272,571.561696694,75,136.793274644,1106,0.000000000,0,0.000000000,
6,0,CT_abs,DS,0,0.500000000,2,0.183807332,1,867.431996027,867.495870325,269.008554237,76,0,272,571.561696694,75,136.793274644,1106,0.000000000,0,0.000000000,
7,0,CT_abs,DS,0,0.500000000,2,0.186885886,1,1014.044161657,1014.108035955,269.008554237,76,0,272,571.561696694,75,136.793274644,1106,0.000000000,0,0.000000000,
8,0,CT_abs,DS,0,0.500000000,2,4.232627277,1,1024.337945667,1024.580126229,269.008554237,489,0,1740,3506.812360077,488,648.242313083,19735,0.000000000,0,0.000000000,
9,0,CT_abs,DS,0,0.500000000,2,4.374440054,1,1185.348096505,1185.590277068,269.008554237,489,0,1740,3506.812360077,488,648.242313083,19735,0.000000000,0,0.000000000,
11,0,CT_abs,DS,0,0.500000000,2,4.252338756,1,1507.418664011,1507.660844573,269.008554237,489,0,1740,3506.812360077,488,648.242313083,19735,0.000000000,0,0.000000000,
10,0,CT_abs,DS,0,0.500000000,2,4.328925940,1,1361.259992477,1361.502173039,269.008554237,489,0,1740,3506.812360077,488,648.242313083,19735,0.000000000,0,0.000000000,
12,0,CT_abs,DS,0,0.500000000,2,4.204881163,1,1564.528663362,1564.770843925,269.008554237,489,0,1740,3506.812360077,488,648.242313083,19735,0.000000000,0,0.000000000,
13,0,CT_abs,DS,0,0.500000000,2,12.543083490,1,1656.873501402,1657.775071987,269.088434618,1672,0,5420,13263.134495036,1671,3906.019038112,49339,0.000000000,0,0.000000000,
14,0,CT_abs,DS,0,0.500000000,2,11.785787159,1,1899.115228129,1900.016798714,269.088434618,1672,0,5420,13263.134495036,1671,3906.019038112,49339,0.000000000,0,0.000000000,
15,0,CT_abs,DS,0,0.500000000,2,12.537570072,1,2132.270382912,2133.171953497,269.088434618,1672,0,5420,13263.134495036,1671,3906.019038112,49339,0.000000000,0,0.000000000,
9,0,CT_abs,DS,0,0.500000000,1,60.002912990,0,1455.697720769,1456.501492550,321.362939765,11570,0,51470,242686.981292778,11569,84749.915478085,106634,0.000000000,0,0.000000000,
17,0,CT_abs,DS,0,0.500000000,2,12.627878477,1,2405.133401300,2406.034971884,269.088434618,1672,0,5420,13263.134495036,1671,3906.019038112,49339,0.000000000,0,0.000000000,
16,0,CT_abs,DS,0,0.500000000,2,13.768842527,1,2362.590007237,2363.491577821,269.088434618,1672,0,5420,13263.134495036,1671,3906.019038112,49339,0.000000000,0,0.000000000,
10,0,CT_abs,DS,0,0.500000000,1,60.000134641,0,1741.261553794,1741.877084504,321.362702631,11340,0,73464,452950.414572495,11322,109817.194892758,242509,0.000000000,0,0.000000000,
5,0,CT_abs,DS,0,0.500000000,3,0.002128737,1,394.775363325,394.775363325,114.109365593,1,0,0,0.000000000,0,0.000000000,0,0.000000000,0,0.000000000,
18,0,CT_abs,DS,0,0.500000000,2,12.532664553,1,2445.148062777,2446.049633361,269.088434618,1672,0,5420,13263.134495036,1671,3906.019038112,49339,0.000000000,0,0.000000000,
6,0,CT_abs,DS,0,0.500000000,3,0.003491435,1,571.625976867,571.625976867,176.850613541,1,0,0,0.000000000,0,0.000000000,0,0.000000000,0,0.000000000,
7,0,CT_abs,DS,0,0.500000000,3,0.006676356,1,831.063235461,831.063235461,259.437258595,1,0,0,0.000000000,0,0.000000000,0,0.000000000,0,0.000000000,
8,0,CT_abs,DS,0,0.500000000,3,0.068938701,1,1001.767158386,1002.144194636,259.437258595,2,0,3,4.111931592,1,0.000000000,90,0.000000000,0,0.000000000,
11,0,CT_abs,DS,0,0.500000000,1,60.014687853,0,1956.387912942,1957.005280399,321.367152213,11736,0,80086,475942.314578688,11717,113283.296012059,256306,0.000000000,0,0.000000000,
11,0,CT_abs,DS,0,0.500000000,3,1.480402039,1,1449.120793410,1449.626532157,259.437258595,316,0,1151,3949.457996866,315,1153.597300886,7171,0.000000000,0,0.000000000,
10,0,CT_abs,DS,0,0.500000000,3,1.521111767,1,1407.637936247,1408.143674994,259.437258595,316,0,1151,3949.457996866,315,1153.597300886,7171,0.000000000,0,0.000000000,
9,0,CT_abs,DS,0,0.500000000,3,1.807307362,1,1162.921577261,1163.427316008,259.437258595,316,0,1151,3949.457996866,315,1153.597300886,7171,0.000000000,0,0.000000000,
12,0,CT_abs,DS,0,0.500000000,1,60.008120001,0,2091.406311334,2092.022461295,321.364430626,11471,0,77898,466408.965317277,11453,110878.081922335,245266,0.000000000,0,0.000000000,
12,0,CT_abs,DS,0,0.500000000,3,2.112870942,1,1512.185088797,1512.709762736,259.437258595,448,0,1629,5863.464430728,447,1762.628341771,8720,0.000000000,0,0.000000000,
13,0,CT_abs,DS,0,0.500000000,1,60.000530681,0,2269.047016264,2269.648099871,321.707145462,9620,0,72096,487395.957837719,9607,99961.153781870,353213,0.000000000,0,0.000000000,
14,0,CT_abs,DS,0,0.500000000,1,60.005976479,0,2550.351454954,2550.972599193,321.362702631,7517,0,60242,396286.371560074,7516,81387.057233475,343049,0.000000000,0,0.000000000,
19,0,CT_abs,DS,0,0.500000000,2,33.908715685,1,2605.599571167,2607.853221107,269.088434618,3851,0,12318,31417.609784355,3850,10047.732116202,108972,0.000000000,0,0.000000000,
15,0,CT_abs,DS,0,0.500000000,1,60.002425298,0,2697.561083539,2698.181300609,321.367290959,7444,0,59562,392386.547554283,7443,80608.126395572,342023,0.000000000,0,0.000000000,
16,0,CT_abs,DS,0,0.500000000,1,60.004368751,0,2767.106930668,2767.729698338,321.365592343,7655,0,61436,402937.872279215,7654,82787.232330365,347836,0.000000000,0,0.000000000,
17,0,CT_abs,DS,0,0.500000000,1,60.008620568,0,2797.124623436,2797.542847451,321.364667759,3002,0,25983,175425.335514582,3001,23762.661724801,357212,0.000000000,0,0.000000000,
5,0,CT_abs,DS,0,0.500000000,4,0.004769983,1,704.228709184,704.228709184,201.480703442,1,0,0,0.000000000,0,0.000000000,0,0.000000000,0,0.000000000,
6,0,CT_abs,DS,0,0.500000000,4,0.005106603,1,713.707813553,713.707813553,201.480703442,1,0,0,0.000000000,0,0.000000000,0,0.000000000,0,0.000000000,
7,0,CT_abs,DS,0,0.500000000,4,0.006786983,1,939.471044601,939.471044601,225.763231048,1,0,0,0.000000000,0,0.000000000,0,0.000000000,0,0.000000000,
18,0,CT_abs,DS,0,0.500000000,1,60.030726732,0,2898.619061520,2899.036078256,321.366366376,2969,0,25753,173899.020047610,2968,23573.919574030,351446,0.000000000,0,0.000000000,
19,0,CT_abs,DS,0,0.500000000,1,60.003679489,0,2968.964531500,2969.381279498,321.365216462,2958,0,25659,173128.778418696,2957,23478.023596397,350705,0.000000000,0,0.000000000,
20,0,CT_abs,DS,0,0.500000000,1,60.013576678,0,3034.341650593,3034.759435608,321.364430626,2988,0,25876,174701.277385558,2987,23696.956867682,354683,0.000000000,0,0.000000000,
21,0,CT_abs,DS,0,0.500000000,1,60.003029125,0,3109.722137706,3110.139279036,321.362702631,2974,0,28387,179092.165227974,2973,23617.875300480,352633,0.000000000,0,0.000000000,
8,0,CT_abs,DS,0,0.500000000,4,4.648256301,1,1196.429399873,1196.624987093,257.153942492,195,0,730,859.538459076,190,128.819931188,18357,0.000000000,0,0.000000000,
22,0,CT_abs,DS,0,0.500000000,1,60.008064186,0,3125.146452259,3125.562890735,321.362702631,2947,0,28110,177243.625913016,2946,23354.240622682,349926,0.000000000,0,0.000000000,
9,0,CT_abs,DS,0,0.500000000,4,4.497256507,1,1268.668427604,1268.864014825,257.153942492,195,0,730,859.538459076,190,128.819931188,18357,0.000000000,0,0.000000000,
10,0,CT_abs,DS,0,0.500000000,4,4.736780948,1,1347.835425987,1348.031013207,257.153942492,195,0,730,859.538459076,190,128.819931188,18357,0.000000000,0,0.000000000,
23,0,CT_abs,DS,0,0.500000000,1,60.001180514,0,3316.515815535,3316.932845309,321.364430626,2970,0,30577,181450.733359864,2969,23573.919574030,351560,0.000000000,0,0.000000000,
20,0,CT_abs,DS,0,0.500000000,2,60.001405973,0,2765.376415368,2767.615081796,269.008554237,7830,0,30128,85051.220316730,7383,20916.943336425,243640,0.000000000,0,0.000000000,
21,0,CT_abs,DS,0,0.500000000,2,60.004402279,0,2888.271826129,2890.512072104,269.088434618,7937,0,30503,85888.252783777,7490,21091.644033179,248199,0.000000000,0,0.000000000,
22,0,CT_abs,DS,0,0.500000000,2,60.010974943,0,3057.094132582,3059.163417165,269.008554237,5010,0,22645,75515.513549232,5009,14028.140838750,209021,0.000000000,0,0.000000000,
23,0,CT_abs,DS,0,0.500000000,2,60.000978611,0,3322.671567429,3324.455583184,269.113059061,12040,0,75648,262214.502227429,10572,39791.017435753,429701,0.000000000,0,0.000000000,
13,0,CT_abs,DS,0,0.500000000,3,60.046978565,0,1694.695969100,1695.730345244,259.437258595,7860,0,37649,124566.258411668,7859,24456.483219885,124151,0.000000000,0,0.000000000,
15,0,CT_abs,DS,0,0.500000000,3,60.002505535,0,1963.506070420,1963.957235457,259.437258595,13806,0,74194,367987.710053675,13805,97226.702917855,195038,0.000000000,0,0.000000000,
14,0,CT_abs,DS,0,0.500000000,3,60.005642899,0,1762.448327382,1763.464836890,259.437258595,7471,0,35869,118144.637520824,7470,23249.733183621,121069,0.000000000,0,0.000000000,
16,0,CT_abs,DS,0,0.500000000,3,60.005691250,0,2196.398984409,2196.818831092,259.437258595,11154,0,76700,392690.770726723,10983,74520.646781424,313741,0.000000000,0,0.000000000,
17,0,CT_abs,DS,0,0.500000000,3,60.002115397,0,2263.810008753,2264.229327168,259.437258595,11042,0,76000,389033.450152841,10874,73838.609220677,311684,0.000000000,0,0.000000000,
18,0,CT_abs,DS,0,0.500000000,3,60.003056307,0,2423.634846187,2423.979402194,259.437258595,9850,0,87234,420522.123596366,9518,65200.382427015,314893,0.000000000,0,0.000000000,
5,0,CT_abs,DS,0,0.500000000,5,0.003737927,1,623.965182969,623.965182969,179.297856041,1,0,0,0.000000000,0,0.000000000,0,0.000000000,0,0.000000000,
7,0,CT_abs,DS,0,0.500000000,5,0.004652965,1,724.691592206,724.691592206,179.297856041,1,0,0,0.000000000,0,0.000000000,0,0.000000000,0,0.000000000,
6,0,CT_abs,DS,0,0.500000000,5,0.005596099,1,665.461034051,665.461034051,179.297856041,1,0,0,0.000000000,0,0.000000000,0,0.000000000,0,0.000000000,
8,0,CT_abs,DS,0,0.500000000,5,0.007143410,1,939.227791142,939.227791142,214.536198936,1,0,0,0.000000000,0,0.000000000,0,0.000000000,0,0.000000000,
9,0,CT_abs,DS,0,0.500000000,5,0.007306695,1,986.260117651,986.260117651,214.536198936,1,0,0,0.000000000,0,0.000000000,0,0.000000000,0,0.000000000,
10,0,CT_abs,DS,0,0.500000000,5,0.011304104,1,1247.993561569,1247.993561569,261.733443919,1,0,0,0.000000000,0,0.000000000,0,0.000000000,0,0.000000000,
11,0,CT_abs,DS,0,0.500000000,5,0.158366535,1,1341.059773869,1341.833840747,261.733443919,75,0,202,501.290969142,74,119.843521448,484,0.000000000,0,0.000000000,
12,0,CT_abs,DS,0,0.500000000,5,0.163723907,1,1543.832271680,1544.606338558,261.733443919,75,0,202,501.290969142,74,119.843521448,484,0.000000000,0,0.000000000,
14,0,CT_abs,DS,0,0.500000000,5,0.618013331,1,1766.410646217,1767.616142306,261.733443919,503,0,1370,3002.303665893,502,905.848094158,1496,0.000000000,0,0.000000000,
13,0,CT_abs,DS,0,0.500000000,5,0.643422897,1,1629.264533437,1630.470029526,261.733443919,503,0,1370,3002.303665893,502,905.848094158,1496,0.000000000,0,0.000000000,
19,0,CT_abs,DS,0,0.500000000,3,60.004241418,0,2603.495951624,2603.828162088,259.437258595,9730,0,92886,436469.917212048,9407,65878.916914190,307093,0.000000000,0,0.000000000,
20,0,CT_abs,DS,0,0.500000000,3,60.000196688,0,2666.262586014,2666.590732806,259.437258595,9451,0,90082,424996.289187665,9132,64305.466523417,300484,0.000000000,0,0.000000000,
21,0,CT_abs,DS,0,0.500000000,3,60.002196715,0,2802.207464723,2802.546094191,259.437258595,10125,0,96552,451568.381811114,9797,67998.105943644,317594,0.000000000,0,0.000000000,
22,0,CT_abs,DS,0,0.500000000,3,60.000640516,0,2965.714162287,2966.248020007,259.437258595,9571,0,115602,610230.191076034,9333,67574.915831279,334414,0.000000000,0,0.000000000,
23,0,CT_abs,DS,0,0.500000000,3,60.004618787,0,3054.970735120,3055.504598845,259.437258595,9575,0,115650,610444.109516714,9337,67634.470473172,334482,0.000000000,0,0.000000000,
11,0,CT_abs,DS,0,0.500000000,4,60.002044218,0,1569.282906081,1569.949947457,257.347384576,9741,0,37046,32571.735305956,9010,7928.320755323,112466,0.000000000,0,0.000000000,
5,0,CT_abs,DS,0,0.500000000,6,0.005068211,1,717.739198756,717.739198756,228.344802699,1,0,0,0.000000000,0,0.000000000,0,0.000000000,0,0.000000000,
6,0,CT_abs,DS,0,0.500000000,6,0.005462879,1,763.741588532,763.741588532,228.344802699,1,0,0,0.000000000,0,0.000000000,0,0.000000000,0,0.000000000,
12,0,CT_abs,DS,0,0.500000000,4,60.035180268,0,1612.555770590,1613.220007042,257.541360667,9670,0,36773,32326.380073203,8943,7858.447452178,112084,0.000000000,0,0.000000000,
7,0,CT_abs,DS,0,0.500000000,6,0.006861162,1,825.721953298,825.721953298,228.344802699,1,0,0,0.000000000,0,0.000000000,0,0.000000000,0,0.000000000,
13,0,CT_abs,DS,0,0.500000000,4,60.003545016,0,1764.312953746,1764.978446961,257.114608496,9702,0,36903,32438.994562011,8972,7889.931104491,112258,0.000000000,0,0.000000000,
14,0,CT_abs,DS,0,0.500000000,4,60.005523233,0,1956.582665980,1957.249310430,257.286066516,9725,0,36991,32520.094279917,8994,7913.102542258,112258,0.000000000,0,0.000000000,
8,0,CT_abs,DS,0,0.500000000,6,0.104685407,1,1026.147185786,1026.228120445,228.344802699,36,0,110,730.584739744,35,286.276389869,553,0.000000000,0,0.000000000,
15,0,CT_abs,DS,0,0.500000000,4,60.005362331,0,2090.148868432,2090.808606288,257.096009799,9543,0,36308,31911.298597921,8826,7732.345145052,110803,0.000000000,0,0.000000000,
9,0,CT_abs,DS,0,0.500000000,6,0.107407693,1,1115.789703038,1115.870637697,228.344802699,36,0,110,730.584739744,35,286.276389869,553,0.000000000,0,0.000000000,
10,0,CT_abs,DS,0,0.500000000,6,0.116619829,1,1392.216676377,1392.297611036,276.426973339,36,0,110,730.584739744,35,286.276389869,553,0.000000000,0,0.000000000,
16,0,CT_abs,DS,0,0.500000000,4,60.017504119,0,2258.574535867,2259.251641943,257.170348890,10105,0,38366,33732.632857537,9347,8264.906725515,114868,0.000000000,0,0.000000000,
17,0,CT_abs,DS,0,0.500000000,4,60.041922123,0,2386.184980414,2386.578888960,257.194172250,1940,0,19300,41784.344070904,1805,3294.964005994,328511,0.000000000,0,0.000000000,
15,0,CT_abs,DS,0,0.500000000,5,36.598553565,1,2056.944432251,2059.356518175,290.997057128,8531,0,23754,61641.343940797,8496,18564.147442595,33373,0.000000000,0,0.000000000,
18,0,CT_abs,DS,0,0.500000000,4,60.024855969,0,2567.528845316,2567.926724802,257.199359890,2005,0,19792,42732.544312475,1860,3408.628664842,332423,0.000000000,0,0.000000000,
19,0,CT_abs,DS,0,0.500000000,4,60.000772365,0,2790.348084490,2790.744723245,257.199359890,1980,0,19622,42416.810506554,1840,3376.625121247,330843,0.000000000,0,0.000000000,
20,0,CT_abs,DS,0,0.500000000,4,60.000130904,0,2918.770816008,2919.166251726,257.118578467,1964,0,19484,42125.284636078,1827,3343.698028737,329894,0.000000000,0,0.000000000,
21,0,CT_abs,DS,0,0.500000000,4,60.012708769,0,3124.957629130,3125.351843923,256.958355271,1944,0,19344,41872.743059348,1809,3301.293250818,328758,0.000000000,0,0.000000000,
16,0,CT_abs,DS,0,0.500000000,5,54.291010325,1,2075.464982628,2077.906507791,290.997057128,9762,0,27037,66368.034499661,9727,19378.113041880,212334,0.000000000,0,0.000000000,
17,0,CT_abs,DS,0,0.500000000,5,53.465469965,1,2095.391153641,2097.832678804,290.997057128,9762,0,27037,66368.034499661,9727,19378.113041880,212334,0.000000000,0,0.000000000,
5,0,CT_abs,DS,0,0.500000000,7,0.151928205,1,627.691300715,627.822519404,195.306650607,41,0,128,819.692423512,40,392.763900786,780,0.000000000,0,0.000000000,
22,0,CT_abs,DS,0,0.500000000,4,60.001231540,0,3395.732256056,3396.649258856,270.821378646,7996,0,69010,382921.192689578,7993,67596.045379273,104579,0.000000000,0,0.000000000,
18,0,CT_abs,DS,0,0.500000000,5,54.610038013,1,2150.242994059,2152.684519222,290.997057128,9762,0,27037,66368.034499661,9727,19378.113041880,212334,0.000000000,0,0.000000000,
6,0,CT_abs,DS,0,0.500000000,7,0.147985358,1,741.299406571,741.430625260,195.306650607,41,0,128,819.692423512,40,392.763900786,780,0.000000000,0,0.000000000,
23,0,CT_abs,DS,0,0.500000000,4,60.013063397,0,3527.288241605,3528.181141171,271.295941638,7892,0,76978,400532.295510380,7889,64848.939430018,99292,0.000000000,0,0.000000000,
7,0,CT_abs,DS,0,0.500000000,7,0.118096481,1,857.649085362,857.780304051,195.306650607,41,0,128,819.692423512,40,392.763900786,780,0.000000000,0,0.000000000,
8,0,CT_abs,DS,0,0.500000000,7,0.120953800,1,958.992179414,959.123398103,195.306650607,41,0,128,819.692423512,40,392.763900786,780,0.000000000,0,0.000000000,
9,0,CT_abs,DS,0,0.500000000,7,0.151907357,1,1044.629308536,1044.760527225,195.306650607,41,0,128,819.692423512,40,392.763900786,780,0.000000000,0,0.000000000,
10,0,CT_abs,DS,0,0.500000000,7,1.020750271,1,1155.026009844,1155.257341689,195.306650607,334,0,1060,6216.799244128,333,2987.713027287,5659,0.000000000,0,0.000000000,
11,0,CT_abs,DS,0,0.500000000,7,1.081836941,1,1163.947736016,1164.179067862,195.306650607,334,0,1060,6216.799244128,333,2987.713027287,5659,0.000000000,0,0.000000000,
12,0,CT_abs,DS,0,0.500000000,7,1.123628772,1,1227.972339156,1228.203671002,195.306650607,334,0,1060,6216.799244128,333,2987.713027287,5659,0.000000000,0,0.000000000,
13,0,CT_abs,DS,0,0.500000000,7,1.173621289,1,1474.153517496,1474.384849342,246.181178340,334,0,1060,6216.799244128,333,2987.713027287,5659,0.000000000,0,0.000000000,
14,0,CT_abs,DS,0,0.500000000,7,1.068728335,1,1596.516201770,1596.747533615,246.181178340,334,0,1060,6216.799244128,333,2987.713027287,5659,0.000000000,0,0.000000000,
15,0,CT_abs,DS,0,0.500000000,7,1.387486743,1,1776.950856359,1777.937404682,246.181178340,364,0,1138,6906.866671196,363,3223.562096628,5659,0.000000000,0,0.000000000,
16,0,CT_abs,DS,0,0.500000000,7,1.408688184,1,1828.253110708,1829.239659031,246.181178340,364,0,1138,6906.866671196,363,3223.562096628,5659,0.000000000,0,0.000000000,
17,0,CT_abs,DS,0,0.500000000,7,1.636457113,1,1936.131388245,1937.117936568,246.181178340,364,0,1138,6906.866671196,363,3223.562096628,5659,0.000000000,0,0.000000000,
18,0,CT_abs,DS,0,0.500000000,7,1.593714116,1,2031.405485535,2032.412853046,246.181178340,382,0,1194,7213.753016067,381,3346.366752357,5770,0.000000000,0,0.000000000,
19,0,CT_abs,DS,0,0.500000000,7,1.564554822,1,2191.016857287,2192.024224799,246.181178340,382,0,1194,7213.753016067,381,3346.366752357,5770,0.000000000,0,0.000000000,
19,0,CT_abs,DS,0,0.500000000,5,60.041114972,0,2333.605220063,2335.792095237,291.066017447,4078,0,11417,33507.931280972,4049,10225.466226936,77470,0.000000000,0,0.000000000,
5,0,CT_abs,DS,0,0.500000000,8,0.005099680,1,544.361709814,544.361709814,255.191222223,1,0,0,0.000000000,0,0.000000000,0,0.000000000,0,0.000000000,
20,0,CT_abs,DS,0,0.500000000,5,60.009289976,0,2389.562666499,2391.751989893,290.997057128,4093,0,11464,33604.955388141,4064,10256.110421403,78231,0.000000000,0,0.000000000,
6,0,CT_abs,DS,0,0.500000000,8,0.004762271,1,591.834523595,591.834523595,255.191222223,1,0,0,0.000000000,0,0.000000000,0,0.000000000,0,0.000000000,
7,0,CT_abs,DS,0,0.500000000,8,0.005107516,1,661.988188858,661.988188858,255.191222223,1,0,0,0.000000000,0,0.000000000,0,0.000000000,0,0.000000000,
8,0,CT_abs,DS,0,0.500000000,8,0.005572554,1,664.854280971,664.854280971,255.191222223,1,0,0,0.000000000,0,0.000000000,0,0.000000000,0,0.000000000,
9,0,CT_abs,DS,0,0.500000000,8,0.006576550,1,818.461276207,818.461276207,255.191222223,1,0,0,0.000000000,0,0.000000000,0,0.000000000,0,0.000000000,
10,0,CT_abs,DS,0,0.500000000,8,0.007260969,1,886.776718147,886.776718147,255.191222223,1,0,0,0.000000000,0,0.000000000,0,0.000000000,0,0.000000000,
11,0,CT_abs,DS,0,0.500000000,8,0.009193842,1,919.556590476,919.556590476,255.191222223,1,0,0,0.000000000,0,0.000000000,0,0.000000000,0,0.000000000,
12,0,CT_abs,DS,0,0.500000000,8,0.009331359,1,1044.490087493,1044.490087493,255.191222223,1,0,0,0.000000000,0,0.000000000,0,0.000000000,0,0.000000000,
21,0,CT_abs,DS,0,0.500000000,5,60.120951837,0,2555.592908550,2557.778980611,291.065615895,4062,0,11367,33401.819948472,4033,10210.263342027,76381,0.000000000,0,0.000000000,
13,0,CT_abs,DS,0,0.500000000,8,0.483936019,1,1338.873059443,1338.925287967,294.435200474,4,0,3,2.074918111,3,0.000000000,339,0.000000000,0,0.000000000,
22,0,CT_abs,DS,0,0.500000000,5,60.002896628,0,2677.680169525,2679.719996911,290.997057128,13507,0,36688,128575.489379559,13488,49150.646250513,60649,0.000000000,0,0.000000000,
14,0,CT_abs,DS,0,0.500000000,8,0.449355573,1,1455.671289133,1455.723517658,294.435200474,4,0,3,2.074918111,3,0.000000000,339,0.000000000,0,0.000000000,
23,0,CT_abs,DS,0,0.500000000,5,60.001421988,0,2828.344492021,2830.375623567,291.042988569,13168,0,35712,125287.822604715,13158,48087.447364091,58606,0.000000000,0,0.000000000,
16,0,CT_abs,DS,0,0.500000000,8,0.444629661,1,1696.978252654,1697.030481179,294.435200474,4,0,3,2.074918111,3,0.000000000,339,0.000000000,0,0.000000000,
15,0,CT_abs,DS,0,0.500000000,8,0.514593621,1,1555.278017385,1555.330245910,294.435200474,4,0,3,2.074918111,3,0.000000000,339,0.000000000,0,0.000000000,
17,0,CT_abs,DS,0,0.500000000,8,0.496736710,1,1830.409457425,1830.461685950,294.435200474,4,0,3,2.074918111,3,0.000000000,339,0.000000000,0,0.000000000,
18,0,CT_abs,DS,0,0.500000000,8,0.424534377,1,1861.102552036,1861.154780561,294.435200474,4,0,3,2.074918111,3,0.000000000,339,0.000000000,0,0.000000000,
19,0,CT_abs,DS,0,0.500000000,8,2.791432559,1,1985.910443195,1986.643011109,294.435200474,1160,0,2979,7655.204285167,1159,3492.937988062,693,0.000000000,0,0.000000000,
5,0,CT_abs,DS,0,0.500000000,9,2.246836851,1,937.883275858,938.770524301,253.570639959,214,0,768,4396.965546972,213,1079.235933089,7518,0.000000000,0,0.000000000,
11,0,CT_abs,DS,0,0.500000000,6,60.000457198,0,1627.829028618,1628.124084420,276.426973339,10885,0,44342,129578.567002267,10884,35959.864467446,267590,0.000000000,0,0.000000000,
12,0,CT_abs,DS,0,0.500000000,6,60.003359372,0,1823.751106768,1824.050473471,276.426973339,11519,0,46978,135756.848641502,11518,37505.613907735,283379,0.000000000,0,0.000000000,
14,0,CT_abs,DS,0,0.500000000,6,60.000971817,0,2003.234153827,2003.584644725,276.426973339,11047,0,64744,218576.737568809,11046,47411.433481114,376383,0.000000000,0,0.000000000,
13,0,CT_abs,DS,0,0.500000000,6,60.002750060,0,1916.300722383,1916.599437542,276.426973339,11443,0,47694,136429.607428038,11442,37226.751187286,281188,0.000000000,0,0.000000000,
15,0,CT_abs,DS,0,0.500000000,6,60.009150965,0,2173.530052558,2173.880676100,276.426973339,11064,0,64836,218865.727620744,11063,47479.827565069,377038,0.000000000,0,0.000000000,
16,0,CT_abs,DS,0,0.500000000,6,60.002110385,0,2339.950161385,2340.326311238,276.426973339,11756,0,69882,243053.503228952,11755,54657.833946936,392106,0.000000000,0,0.000000000,
17,0,CT_abs,DS,0,0.500000000,6,60.003548095,0,2516.084926438,2516.464489378,276.426973339,12182,0,72136,251421.418308632,12181,56766.925056413,401320,0.000000000,0,0.000000000,
18,0,CT_abs,DS,0,0.500000000,6,60.006025364,0,2795.810246412,2796.486046773,280.219668799,11023,0,79154,325528.241421194,11022,69641.573382055,355295,0.000000000,0,0.000000000,
19,0,CT_abs,DS,0,0.500000000,6,60.004239668,0,2873.636463407,2874.310161063,280.231113104,10597,0,75990,313602.928023361,10596,67260.886669835,337718,0.000000000,0,0.000000000,
20,0,CT_abs,DS,0,0.500000000,6,60.001567056,0,3102.628240418,3103.300114025,279.770735811,9576,0,69152,291410.681582698,9575,62441.186716554,296555,0.000000000,0,0.000000000,
21,0,CT_abs,DS,0,0.500000000,6,60.000785832,0,3321.464663498,3322.104576563,280.209397505,10023,0,70938,335809.655231291,9999,72487.216386144,285607,0.000000000,0,0.000000000,
22,0,CT_abs,DS,0,0.500000000,6,60.006962642,0,3505.069012626,3505.704087397,280.211461207,9678,0,80410,398869.083139561,9459,73719.987441029,314789,0.000000000,0,0.000000000,
23,0,CT_abs,DS,0,0.500000000,6,60.001840278,0,3555.097051761,3555.733034336,279.744319971,9902,0,82680,408877.281177726,9673,74912.863954417,328819,0.000000000,0,0.000000000,
6,0,CT_abs,DS,0,0.500000000,9,31.862155915,1,1175.577287263,1177.292633360,253.570639959,3857,0,11108,36325.037280490,3848,11310.365637394,81203,0.000000000,0,0.000000000,
11,0,CT_abs,DS,0,0.500000000,9,31.928733137,1,1550.284454133,1551.999800230,253.570639959,3857,0,11108,36325.037280490,3848,11310.365637394,81203,0.000000000,0,0.000000000,
7,0,CT_abs,DS,0,0.500000000,9,33.286314555,1,1218.605096300,1220.320442397,253.570639959,3857,0,11108,36325.037280490,3848,11310.365637394,81203,0.000000000,0,0.000000000,
9,0,CT_abs,DS,0,0.500000000,9,32.917018053,1,1375.183272484,1376.898618581,253.570639959,3857,0,11108,36325.037280490,3848,11310.365637394,81203,0.000000000,0,0.000000000,
10,0,CT_abs,DS,0,0.500000000,9,33.672035570,1,1405.039741774,1406.755087871,253.570639959,3857,0,11108,36325.037280490,3848,11310.365637394,81203,0.000000000,0,0.000000000,
8,0,CT_abs,DS,0,0.500000000,9,34.428273448,1,1250.334291021,1252.049637118,253.570639959,3857,0,11108,36325.037280490,3848,11310.365637394,81203,0.000000000,0,0.000000000,
5,0,CT_abs,DS,0,0.500000000,10,0.005039397,1,486.929435977,486.929712319,132.945719372,3,0,4,24.064950015,2,12.226978772,0,0.000000000,0,0.000000000,
20,0,CT_abs,DS,0,0.500000000,7,60.001438767,0,2433.223603387,2434.645236129,246.181178340,4839,0,16760,76547.995933551,4766,25190.955266237,142174,0.000000000,0,0.000000000,
21,0,CT_abs,DS,0,0.500000000,7,60.000200036,0,2555.255476521,2556.662907024,246.181178340,4648,0,16134,74465.939756196,4580,24458.855129843,135120,0.000000000,0,0.000000000,
6,0,CT_abs,DS,0,0.500000000,10,0.722485603,1,691.255892589,691.343040891,204.413328572,12,0,31,66.015224683,11,12.226978772,2958,0.000000000,0,0.000000000,
7,0,CT_abs,DS,0,0.500000000,10,0.917638399,1,751.740289939,751.858092622,204.443982953,17,0,51,97.800767884,16,12.226978772,5840,0.000000000,0,0.000000000,
8,0,CT_abs,DS,0,0.500000000,10,0.919984484,1,833.272027292,833.389829976,204.443982953,17,0,51,97.800767884,16,12.226978772,5840,0.000000000,0,0.000000000,
22,0,CT_abs,DS,0,0.500000000,7,60.003655180,0,2668.566949921,2669.988244966,246.181178340,4833,0,16752,76485.775618345,4760,25166.101218573,141890,0.000000000,0,0.000000000,
9,0,CT_abs,DS,0,0.500000000,10,1.474456306,1,977.497201674,977.903825567,204.443982953,42,0,136,322.626703317,41,12.226978772,9790,0.000000000,0,0.000000000,
23,0,CT_abs,DS,0,0.500000000,7,60.007283799,0,2753.966772364,2755.399631575,246.181178340,5013,0,17374,78435.466315355,4937,25857.996907335,148862,0.000000000,0,0.000000000,
10,0,CT_abs,DS,0,0.500000000,10,1.499611117,1,1231.909358668,1232.315982562,254.412156994,42,0,136,322.626703317,41,12.226978772,9790,0.000000000,0,0.000000000,
11,0,CT_abs,DS,0,0.500000000,10,1.474786325,1,1319.323425481,1319.730049374,254.412156994,42,0,136,322.626703317,41,12.226978772,9790,0.000000000,0,0.000000000,
12,0,CT_abs,DS,0,0.500000000,10,1.472938932,1,1456.993742906,1457.400366799,254.412156994,42,0,136,322.626703317,41,12.226978772,9790,0.000000000,0,0.000000000,
13,0,CT_abs,DS,0,0.500000000,10,1.485258636,1,1607.742473346,1608.149097239,254.412156994,42,0,136,322.626703317,41,12.226978772,9790,0.000000000,0,0.000000000,
14,0,CT_abs,DS,0,0.500000000,10,1.482220948,1,1740.936915211,1741.343539104,254.412156994,42,0,136,322.626703317,41,12.226978772,9790,0.000000000,0,0.000000000,
15,0,CT_abs,DS,0,0.500000000,10,1.485931735,1,1813.724984446,1814.163109146,254.412156994,48,0,154,379.551139120,47,28.476813917,9790,0.000000000,0,0.000000000,
17,0,CT_abs,DS,0,0.500000000,10,2.687930316,1,1990.867707095,1991.328670587,254.434995787,112,0,348,817.965511322,111,99.710547287,17278,0.000000000,0,0.000000000,
19,0,CT_abs,DS,0,0.500000000,10,2.695587315,1,2110.923959537,2111.384923030,254.434995787,112,0,348,817.965511322,111,99.710547287,17278,0.000000000,0,0.000000000,
16,0,CT_abs,DS,0,0.500000000,10,2.825154805,1,1970.239632302,1970.700595795,254.434995787,112,0,348,817.965511322,111,99.710547287,17278,0.000000000,0,0.000000000,
18,0,CT_abs,DS,0,0.500000000,10,2.731004163,1,2078.209406327,2078.670369820,254.434995787,112,0,348,817.965511322,111,99.710547287,17278,0.000000000,0,0.000000000,
5,0,CT_abs,DS,0,0.500000000,11,0.002471198,1,439.331477254,439.331477254,156.319484892,1,0,0,0.000000000,0,0.000000000,0,0.000000000,0,0.000000000,
6,0,CT_abs,DS,0,0.500000000,11,0.002537331,1,483.582467043,483.582467043,156.319484892,1,0,0,0.000000000,0,0.000000000,0,0.000000000,0,0.000000000,
7,0,CT_abs,DS,0,0.500000000,11,0.004755367,1,725.203641324,725.203641324,241.621174281,1,0,0,0.000000000,0,0.000000000,0,0.000000000,0,0.000000000,
20,0,CT_abs,DS,0,0.500000000,10,3.683766557,1,2188.096000762,2188.717946867,254.595978400,195,0,581,1591.095232203,194,341.817091019,22684,0.000000000,0,0.000000000,
8,0,CT_abs,DS,0,0.500000000,11,0.007415057,1,904.464926289,904.464926289,241.621174281,1,0,0,0.000000000,0,0.000000000,0,0.000000000,0,0.000000000,
9,0,CT_abs,DS,0,0.500000000,11,0.730989436,1,1020.360210574,1020.530172108,241.621174281,180,0,482,894.283360442,179,399.540956254,238,0.000000000,0,0.000000000,
10,0,CT_abs,DS,0,0.500000000,11,0.765169382,1,1051.288705587,1051.458667120,241.621174281,180,0,482,894.283360442,179,399.540956254,238,0.000000000,0,0.000000000,
20,0,CT_abs,DS,0,0.500000000,8,60.002124179,0,2092.490475028,2093.920987014,294.435200474,23803,0,69299,114726.282136435,23477,29872.069254266,44172,0.000000000,0,0.000000000,
21,0,CT_abs,DS,0,0.500000000,8,60.002244622,0,2290.502195584,2291.947274726,294.435200474,25838,0,75583,125528.810184420,25483,32547.560211276,49741,0.000000000,0,0.000000000,
22,0,CT_abs,DS,0,0.500000000,8,60.005197032,0,2438.371641543,2439.447858286,294.562770918,14718,0,67916,235852.576113424,14708,79773.889858351,107573,0.000000000,0,0.000000000,
23,0,CT_abs,DS,0,0.500000000,8,60.004332639,0,2454.293431080,2455.361672249,294.720103677,14466,0,66848,232777.241525208,14456,78600.629521833,105395,0.000000000,0,0.000000000,
12,0,CT_abs,DS,0,0.500000000,9,60.000837574,0,1742.484162385,1743.873496870,253.570639959,12204,0,34652,102126.184242081,12203,35945.582279315,37830,0.000000000,0,0.000000000,
13,0,CT_abs,DS,0,0.500000000,9,60.003085691,0,1854.400508882,1855.998900674,253.321988819,11169,0,35908,126046.729702012,11041,37792.635449438,69611,0.000000000,0,0.000000000,
11,0,CT_abs,DS,0,0.500000000,11,17.896863029,1,1100.237205783,1101.363244643,242.093174076,2230,0,6383,9734.355851244,2034,3413.091443070,46287,0.000000000,0,0.000000000,
12,0,CT_abs,DS,0,0.500000000,11,17.569234038,1,1122.120890320,1123.246929180,242.093174076,2230,0,6383,9734.355851244,2034,3413.091443070,46287,0.000000000,0,0.000000000,
13,0,CT_abs,DS,0,0.500000000,11,17.499068305,1,1174.374379183,1175.500418043,242.093174076,2230,0,6383,9734.355851244,2034,3413.091443070,46287,0.000000000,0,0.000000000,
14,0,CT_abs,DS,0,0.500000000,9,60.011803689,0,2020.764286474,2022.274889190,252.689178428,7483,0,24774,97025.299330470,7474,36399.399651075,61002,0.000000000,0,0.000000000,
14,0,CT_abs,DS,0,0.500000000,11,18.048559849,1,1287.664161947,1288.790200807,242.093174076,2230,0,6383,9734.355851244,2034,3413.091443070,46287,0.000000000,0,0.000000000,
16,0,CT_abs,DS,0,0.500000000,11,18.355896821,1,1465.827635341,1466.953674201,242.093174076,2230,0,6383,9734.355851244,2034,3413.091443070,46287,0.000000000,0,0.000000000,
15,0,CT_abs,DS,0,0.500000000,11,18.408329549,1,1430.581432922,1431.707471782,242.093174076,2230,0,6383,9734.355851244,2034,3413.091443070,46287,0.000000000,0,0.000000000,
5,0,CT_abs,DS,0,0.500000000,12,0.078845680,1,728.073249910,728.122984780,226.059439965,2,0,3,4.523000429,1,0.000000000,115,0.000000000,0,0.000000000,
17,0,CT_abs,DS,0,0.500000000,11,18.103131139,1,1523.727386701,1524.853425561,242.093174076,2230,0,6383,9734.355851244,2034,3413.091443070,46287,0.000000000,0,0.000000000,
6,0,CT_abs,DS,0,0.500000000,12,3.687741759,1,994.059268626,994.672749883,265.986018716,155,0,441,931.915006406,154,210.571203188,3647,0.000000000,0,0.000000000,
8,0,CT_abs,DS,0,0.500000000,12,3.680666457,1,1372.698583688,1373.312064945,265.986018716,155,0,441,931.915006406,154,210.571203188,3647,0.000000000,0,0.000000000,
7,0,CT_abs,DS,0,0.500000000,12,3.744685718,1,1106.818818340,1107.432299598,265.986018716,155,0,441,931.915006406,154,210.571203188,3647,0.000000000,0,0.000000000,
9,0,CT_abs,DS,0,0.500000000,12,4.004282933,1,1507.483857317,1508.109751383,265.986018716,156,0,444,933.916706262,155,210.571203188,3773,0.000000000,0,0.000000000,
18,0,CT_abs,DS,0,0.500000000,11,18.097870224,1,1579.721708074,1580.847746934,242.093174076,2230,0,6383,9734.355851244,2034,3413.091443070,46287,0.000000000,0,0.000000000,
15,0,CT_abs,DS,0,0.500000000,9,60.007162302,0,2056.421184349,2057.928275722,254.116873607,7384,0,24444,95606.992094938,7376,35982.656252166,60493,0.000000000,0,0.000000000,
16,0,CT_abs,DS,0,0.500000000,9,60.000602668,0,2223.425384917,2224.927502727,252.835694725,7878,0,30120,105555.638445221,7853,34280.074611921,40689,0.000000000,0,0.000000000,
17,0,CT_abs,DS,0,0.500000000,9,60.005799053,0,2237.917959259,2239.410737889,253.184407293,7531,0,28716,100300.864613304,7506,32834.534315527,39155,0.000000000,0,0.000000000,
18,0,CT_abs,DS,0,0.500000000,9,60.006527500,0,2348.928256808,2350.421383890,253.420244553,7550,0,28788,100578.718422159,7525,32926.721639484,39155,0.000000000,0,0.000000000,
19,0,CT_abs,DS,0,0.500000000,9,60.001437292,0,2523.621046687,2525.110116849,254.137577540,7403,0,28256,99024.733009285,7378,32303.084767426,38735,0.000000000,0,0.000000000,
20,0,CT_abs,DS,0,0.500000000,9,60.003973117,0,2636.089908832,2637.584998166,252.950862723,7640,0,29246,102838.372706309,7615,33386.391984795,40063,0.000000000,0,0.000000000,
22,0,CT_abs,DS,0,0.500000000,9,60.015757597,0,2832.930378064,2835.066009492,252.689178428,767,0,7900,53871.601470705,766,791.653793208,261348,0.000000000,0,0.000000000,
21,0,CT_abs,DS,0,0.500000000,9,60.079003363,0,2708.607562659,2710.748145108,253.326379654,774,0,7952,54184.071451163,773,806.010002143,263745,0.000000000,0,0.000000000,
23,0,CT_abs,DS,0,0.500000000,9,60.065422918,0,3001.333437844,3003.476978519,252.689178428,779,0,7992,54469.556644541,778,813.924111899,265185,0.000000000,0,0.000000000,
21,0,CT_abs,DS,0,0.500000000,10,60.014048020,0,2471.424828991,2472.911497790,284.018754750,577,0,2074,6536.382754228,576,799.185317449,107882,0.000000000,0,0.000000000,
5,0,CT_abs,DS,0,0.500000000,13,0.005250993,1,684.310659879,684.310659879,285.840808184,1,0,0,0.000000000,0,0.000000000,0,0.000000000,0,0.000000000,
6,0,CT_abs,DS,0,0.500000000,13,0.006147568,1,838.840507490,838.840507490,285.840808184,1,0,0,0.000000000,0,0.000000000,0,0.000000000,0,0.000000000,
22,0,CT_abs,DS,0,0.500000000,10,60.002099176,0,2720.349965546,2721.407879868,283.328828229,4179,0,17068,64407.170678418,4178,15554.539971121,76414,0.000000000,0,0.000000000,
23,0,CT_abs,DS,0,0.500000000,10,60.121523641,0,2800.603988807,2801.663948661,283.360181577,4242,0,17380,65428.461376755,4241,15832.391665612,84227,0.000000000,0,0.000000000,
7,0,CT_abs,DS,0,0.500000000,13,0.007730787,1,1040.214893953,1040.214893953,285.840808184,1,0,0,0.000000000,0,0.000000000,0,0.000000000,0,0.000000000,
8,0,CT_abs,DS,0,0.500000000,13,0.008656198,1,1215.516765469,1215.516765469,285.840808184,1,0,0,0.000000000,0,0.000000000,0,0.000000000,0,0.000000000,
9,0,CT_abs,DS,0,0.500000000,13,0.009344653,1,1325.113034558,1325.113034558,285.840808184,1,0,0,0.000000000,0,0.000000000,0,0.000000000,0,0.000000000,
19,0,CT_abs,DS,0,0.500000000,11,60.005124183,0,1752.912432527,1754.438039503,242.948387461,4584,0,19884,35589.646004488,4583,5749.485186688,318554,0.000000000,0,0.000000000,
20,0,CT_abs,DS,0,0.500000000,11,60.004456886,0,1806.668421689,1808.191519057,242.146898848,4543,0,19707,35275.816586433,4542,5702.742079863,316131,0.000000000,0,0.000000000,
21,0,CT_abs,DS,0,0.500000000,11,60.089461921,0,2108.558892921,2110.053286755,301.918407244,1400,0,9054,37756.498239028,1399,2028.968430731,295907,0.000000000,0,0.000000000,
22,0,CT_abs,DS,0,0.500000000,11,60.054653521,0,2189.348871572,2190.841838773,302.423510502,1392,0,9007,37462.803626263,1391,2025.231462185,294167,0.000000000,0,0.000000000,
23,0,CT_abs,DS,0,0.500000000,11,60.054239570,0,2308.821797005,2310.326433343,301.915563146,1436,0,9248,38609.769895218,1435,2139.624393006,300222,0.000000000,0,0.000000000,
10,0,CT_abs,DS,0,0.500000000,12,60.004965742,0,1703.968138472,1705.174254552,266.292708519,6135,0,21372,82558.904292596,6134,25442.996532603,49857,0.000000000,0,0.000000000,
11,0,CT_abs,DS,0,0.500000000,12,60.001964453,0,1911.897105901,1913.043047043,266.358751764,6049,0,26269,118518.818158236,6045,27012.190324567,92007,0.000000000,0,0.000000000,
13,0,CT_abs,DS,0,0.500000000,12,60.000374442,0,2234.930304937,2236.010454988,279.551202216,4504,0,23629,104534.970830006,4503,20291.861195339,68412,0.000000000,0,0.000000000,
12,0,CT_abs,DS,0,0.500000000,12,60.002388788,0,2191.448308117,2192.534945320,279.551202216,4641,0,24418,107317.757603877,4640,20792.135595145,70582,0.000000000,0,0.000000000,
14,0,CT_abs,DS,0,0.500000000,12,60.006670199,0,2312.984747894,2314.063870213,279.551202216,4483,0,23500,104031.417514384,4482,20229.399116745,68141,0.000000000,0,0.000000000,
15,0,CT_abs,DS,0,0.500000000,12,60.004763721,0,2498.609746156,2499.691190410,279.551202216,4527,0,23758,104930.481304091,4526,20367.191477731,68779,0.000000000,0,0.000000000,
16,0,CT_abs,DS,0,0.500000000,12,60.063790215,0,2604.827987525,2605.914934223,279.551202216,4648,0,24570,107649.067599320,4647,20812.245275682,79621,0.000000000,0,0.000000000,
5,0,CT_abs,DS,0,0.500000000,14,0.011003374,1,856.699383146,856.705250882,233.993266637,2,0,2,17.260620615,1,10.504095605,0,0.000000000,0,0.000000000,
17,0,CT_abs,DS,0,0.500000000,12,60.044176161,0,2670.264031307,2671.345751245,279.662737122,4536,0,23913,105403.601027227,4535,20406.394954375,77245,0.000000000,0,0.000000000,
6,0,CT_abs,DS,0,0.500000000,14,0.012469042,1,1047.614547121,1047.620414858,233.993266637,2,0,2,17.260620615,1,10.504095605,0,0.000000000,0,0.000000000,
7,0,CT_abs,DS,0,0.500000000,14,0.107298094,1,1160.910257289,1160.929022973,233.993266637,22,0,66,172.585508429,21,104.890102514,608,0.000000000,0,0.000000000,
18,0,CT_abs,DS,0,0.500000000,12,60.018447619,0,2850.321276580,2851.401946563,279.551202216,4514,0,24014,105179.654655216,4513,20334.486612413,76858,0.000000000,0,0.000000000,
8,0,CT_abs,DS,0,0.500000000,14,0.106378536,1,1168.363793698,1168.382559382,233.993266637,22,0,66,172.585508429,21,104.890102514,608,0.000000000,0,0.000000000,
9,0,CT_abs,DS,0,0.500000000,14,0.108463561,1,1384.957549231,1384.976314915,233.993266637,22,0,66,172.585508429,21,104.890102514,608,0.000000000,0,0.000000000,
10,0,CT_abs,DS,0,0.500000000,14,0.109675988,1,1594.663480961,1594.682246645,233.993266637,22,0,66,172.585508429,21,104.890102514,608,0.000000000,0,0.000000000,
11,0,CT_abs,DS,0,0.500000000,14,0.116160506,1,1704.923111236,1704.941876920,233.993266637,22,0,66,172.585508429,21,104.890102514,608,0.000000000,0,0.000000000,
19,0,CT_abs,DS,0,0.500000000,12,60.002988723,0,2980.760483683,2981.830378576,279.551202216,4326,0,23305,102150.287774420,4325,19583.772630187,73852,0.000000000,0,0.000000000,
13,0,CT_abs,DS,0,0.500000000,14,0.060016582,1,1962.688303001,1962.707068685,233.993266637,14,0,58,117.051867411,13,40.996488097,516,0.000000000,0,0.000000000,
12,0,CT_abs,DS,0,0.500000000,14,0.114733850,1,1860.287124075,1860.305889759,233.993266637,22,0,66,172.585508429,21,104.890102514,608,0.000000000,0,0.000000000,
14,0,CT_abs,DS,0,0.500000000,14,0.059401151,1,2086.074029628,2086.092795312,233.993266637,14,0,58,117.051867411,13,40.996488097,516,0.000000000,0,0.000000000,
15,0,CT_abs,DS,0,0.500000000,14,0.610308697,1,2198.458204697,2198.556737932,233.993266637,156,0,758,2194.731982470,153,564.397444523,3788,0.000000000,0,0.000000000,
20,0,CT_abs,DS,0,0.500000000,12,60.005675046,0,3123.818641806,3124.889050036,279.551202216,4333,0,23459,102417.329914853,4332,19605.915050639,73936,0.000000000,0,0.000000000,
21,0,CT_abs,DS,0,0.500000000,12,60.007504282,0,3300.021480477,3301.092161208,279.551202216,4343,0,23527,102694.798537294,4342,19646.997166813,74052,0.000000000,0,0.000000000,
22,0,CT_abs,DS,0,0.500000000,12,60.148688117,0,3553.744991150,3554.737708431,279.697718513,1267,0,12253,70939.551283359,1266,9370.734332101,47140,0.000000000,0,0.000000000,
23,0,CT_abs,DS,0,0.500000000,12,60.002134061,0,3624.494654380,3625.487371661,279.697718513,1267,0,12253,70939.551283359,1266,9370.734332101,47140,0.000000000,0,0.000000000,
11,0,CT_abs,DS,0,0.500000000,13,60.001742400,0,1637.697858296,1638.238143508,286.059938911,11025,0,52998,90306.793407386,11008,20619.293344959,98208,0.000000000,0,0.000000000,
12,0,CT_abs,DS,0,0.500000000,13,60.008987351,0,1836.155468223,1836.694915787,286.040847347,10953,0,52626,89733.532924259,10936,20542.466216846,97387,0.000000000,0,0.000000000,
10,0,CT_abs,DS,0,0.500000000,13,60.004496588,0,1531.504375893,1532.036927832,285.890776382,10467,0,50346,86062.209945607,10451,19796.598529526,92408,0.000000000,0,0.000000000,
5,0,CT_abs,DS,0,0.500000000,15,0.004496283,1,605.147760130,605.147760130,237.509057628,1,0,0,0.000000000,0,0.000000000,0,0.000000000,0,0.000000000,
7,0,CT_abs,DS,0,0.500000000,15,0.005775254,1,845.777576757,845.777576757,237.509057628,1,0,0,0.000000000,0,0.000000000,0,0.000000000,0,0.000000000,
6,0,CT_abs,DS,0,0.500000000,15,0.005873326,1,708.656019580,708.656019580,237.509057628,1,0,0,0.000000000,0,0.000000000,0,0.000000000,0,0.000000000,
8,0,CT_abs,DS,0,0.500000000,15,0.006430006,1,903.396585631,903.396585631,237.509057628,1,0,0,0.000000000,0,0.000000000,0,0.000000000,0,0.000000000,
9,0,CT_abs,DS,0,0.500000000,15,0.007854379,1,1107.757714811,1107.757714811,237.509057628,1,0,0,0.000000000,0,0.000000000,0,0.000000000,0,0.000000000,
16,0,CT_abs,DS,0,0.500000000,14,22.998445144,1,2397.263499990,2397.834033021,233.993266637,4471,0,16634,66143.165292609,4380,20302.857938163,91069,0.000000000,0,0.000000000,
10,0,CT_abs,DS,0,0.500000000,15,4.177254238,1,1269.566729791,1271.871634073,237.509057628,728,0,2394,5975.155589564,717,1898.518164751,4366,0.000000000,0,0.000000000,
13,0,CT_abs,DS,0,0.500000000,13,60.004999739,0,1928.020548519,1928.558149035,286.070249696,10830,0,52034,88764.754942550,10813,20352.445184370,96054,0.000000000,0,0.000000000,
14,0,CT_abs,DS,0,0.500000000,13,60.006544409,0,2016.795582697,2017.328271133,286.014963966,10485,0,50424,86186.454563319,10469,19827.744449211,92408,0.000000000,0,0.000000000,
15,0,CT_abs,DS,0,0.500000000,13,60.004947556,0,2058.850039830,2059.382986808,285.880746008,10499,0,50490,86291.169752308,10483,19844.628418964,92503,0.000000000,0,0.000000000,
16,0,CT_abs,DS,0,0.500000000,13,60.011011751,0,2098.590615396,2098.985150798,286.148981798,1968,0,9953,21959.305391533,1967,4498.943817661,91613,0.000000000,0,0.000000000,
17,0,CT_abs,DS,0,0.500000000,13,60.009787184,0,2142.265295885,2142.669219414,286.163457160,2114,0,10671,23291.231495597,2113,4795.745759403,94265,0.000000000,0,0.000000000,
18,0,CT_abs,DS,0,0.500000000,13,60.014315010,0,2286.746321098,2287.136156810,286.026643281,1903,0,9621,21344.958181773,1902,4355.841144913,90996,0.000000000,0,0.000000000,
20,0,CT_abs,DS,0,0.500000000,13,60.045568779,0,2731.880046460,2732.418724043,291.562177872,775,0,5214,30751.538917446,758,2766.110613874,103952,0.000000000,0,0.000000000,
19,0,CT_abs,DS,0,0.500000000,13,60.072308874,0,2577.836499174,2578.378765877,291.562177872,789,0,5322,31096.057078543,772,2780.700120091,106325,0.000000000,0,0.000000000,
21,0,CT_abs,DS,0,0.500000000,13,60.014556634,0,2897.269093445,2897.806548057,291.562177872,771,0,5184,30645.006308018,754,2761.924074437,103282,0.000000000,0,0.000000000,
22,0,CT_abs,DS,0,0.500000000,13,60.034905826,0,2924.753845617,2925.295635364,291.562177872,787,0,5308,31031.258340601,770,2780.700120091,106062,0.000000000,0,0.000000000,
23,0,CT_abs,DS,0,0.500000000,13,60.060781406,0,3018.426720133,3018.967615177,291.562177872,785,0,5294,30983.755347842,768,2780.700120091,105711,0.000000000,0,0.000000000,
17,0,CT_abs,DS,0,0.500000000,14,60.000925464,0,2670.531816218,2671.126473996,273.302994519,11089,0,43682,215225.075252558,10992,79546.888296380,34604,0.000000000,0,0.000000000,
18,0,CT_abs,DS,0,0.500000000,14,60.007579119,0,2812.266432587,2812.863297797,273.268316228,11277,0,44306,217726.838126352,11179,80350.760188013,34949,0.000000000,0,0.000000000,
19,0,CT_abs,DS,0,0.500000000,14,60.003931933,0,2989.189492276,2989.887782567,273.310536824,935,0,6012,43570.957737746,931,1435.501973184,27925,0.000000000,0,0.000000000,
20,0,CT_abs,DS,0,0.500000000,14,60.060872156,0,3167.000682251,3167.659916587,273.321242017,1630,0,8959,51565.699118074,1629,2071.697509997,61790,0.000000000,0,0.000000000,
21,0,CT_abs,DS,0,0.500000000,14,60.021231477,0,3446.845351458,3448.123647877,280.592049788,3861,0,24255,139496.767849756,3860,32135.919145477,114637,0.000000000,0,0.000000000,
22,0,CT_abs,DS,0,0.500000000,14,60.007542876,0,3615.820672855,3617.099801943,280.609702713,3900,0,24551,140246.966962927,3899,32307.158866376,117127,0.000000000,0,0.000000000,
23,0,CT_abs,DS,0,0.500000000,14,60.005025781,0,3768.818169685,3770.096484309,280.615540701,3864,0,24277,139523.158493750,3863,32140.865235109,114817,0.000000000,0,0.000000000,
11,0,CT_abs,DS,0,0.500000000,15,60.000142322,0,1473.955350651,1475.138958429,237.768864282,12767,0,54584,202950.300339061,12739,58421.197531346,3756,0.000000000,0,0.000000000,
12,0,CT_abs,DS,0,0.500000000,15,60.000324932,0,1603.503353650,1604.646945930,237.544228616,12107,0,52640,194444.845964253,12079,54737.542090768,3756,0.000000000,0,0.000000000,
13,0,CT_abs,DS,0,0.500000000,15,60.001933010,0,1643.916507415,1645.062145339,237.724617079,12140,0,52732,194847.996089397,12112,54938.756664737,3756,0.000000000,0,0.000000000,
5,0,CT_abs,DS,0,0.500000000,16,30.543105184,1,575.539480214,576.283268391,142.211722394,25976,0,74298,59902.856858127,25259,19925.851428647,13119,0.000000000,0,0.000000000,
14,0,CT_abs,DS,0,0.500000000,15,60.003164832,0,1677.907080353,1679.024120527,238.236522176,11641,0,51138,188055.456440064,11613,52168.990693331,3756,0.000000000,0,0.000000000,
6,0,CT_abs,DS,0,0.500000000,16,30.642751279,1,801.604376509,802.348164686,226.064896295,25976,0,74298,59902.856858127,25259,19925.851428647,13119,0.000000000,0,0.000000000,
7,0,CT_abs,DS,0,0.500000000,16,30.930171042,1,1005.838276477,1006.582064654,226.064896295,25976,0,74298,59902.856858127,25259,19925.851428647,13119,0.000000000,0,0.000000000,
8,0,CT_abs,DS,0,0.500000000,16,30.930911161,1,1248.160346134,1248.904134311,242.322069657,25976,0,74298,59902.856858127,25259,19925.851428647,13119,0.000000000,0,0.000000000,
9,0,CT_abs,DS,0,0.500000000,16,31.306451051,1,1389.708368105,1390.452156281,242.322069657,25976,0,74298,59902.856858127,25259,19925.851428647,13119,0.000000000,0,0.000000000,
10,0,CT_abs,DS,0,0.500000000,16,31.220258192,1,1591.854995965,1592.598784141,242.322069657,25976,0,74298,59902.856858127,25259,19925.851428647,13119,0.000000000,0,0.000000000,
15,0,CT_abs,DS,0,0.500000000,15,60.001714681,0,1752.435635845,1752.753798357,237.575126418,13189,0,84106,236945.998425731,13176,57786.009618873,25009,0.000000000,0,0.000000000,
5,0,CT_abs,DS,0,0.500000000,17,0.008997264,1,826.963169943,826.963169943,259.069110145,1,0,0,0.000000000,0,0.000000000,0,0.000000000,0,0.000000000,
6,0,CT_abs,DS,0,0.500000000,17,0.009016993,1,1042.308423458,1042.308423458,259.069110145,1,0,0,0.000000000,0,0.000000000,0,0.000000000,0,0.000000000,
11,0,CT_abs,DS,0,0.500000000,16,32.466669928,1,1737.335092573,1738.078880749,242.322069657,25976,0,74298,59902.856858127,25259,19925.851428647,13119,0.000000000,0,0.000000000,
16,0,CT_abs,DS,0,0.500000000,15,60.002770192,0,1849.015133063,1849.327523032,237.686128456,12480,0,79596,224275.142746793,12467,54643.076926328,24432,0.000000000,0,0.000000000,
17,0,CT_abs,DS,0,0.500000000,15,60.002215635,0,2006.809577886,2007.140915578,237.741545181,11286,0,71294,227988.388852035,11273,54251.975648646,26446,0.000000000,0,0.000000000,
18,0,CT_abs,DS,0,0.500000000,15,60.005867500,0,2117.881916603,2118.206514273,237.561202616,10795,0,68304,218005.478519877,10782,51729.219901142,25634,0.000000000,0,0.000000000,
19,0,CT_abs,DS,0,0.500000000,15,60.006039853,0,2303.871352739,2304.192488334,237.526591053,10540,0,68340,226779.904502982,10527,48248.997867797,24875,0.000000000,0,0.000000000,
20,0,CT_abs,DS,0,0.500000000,15,60.000488656,0,2401.575534119,2401.899459969,237.545271959,10746,0,69664,231307.941338698,10733,49215.126736684,25433,0.000000000,0,0.000000000,
22,0,CT_abs,DS,0,0.500000000,15,60.002075292,0,2564.616905579,2564.955711230,237.572775323,11800,0,76198,254246.557955297,11787,54200.324241858,27396,0.000000000,0,0.000000000,
21,0,CT_abs,DS,0,0.500000000,15,60.004547132,0,2505.437543101,2505.759093867,237.545271959,10578,0,68578,227644.344252113,10565,48403.271633164,25183,0.000000000,0,0.000000000,
23,0,CT_abs,DS,0,0.500000000,15,60.007348156,0,2660.040905065,2660.368605035,237.753910734,11027,0,71442,237444.593879332,11014,50501.507694775,26013,0.000000000,0,0.000000000,
12,0,CT_abs,DS,0,0.500000000,16,60.001462190,0,1888.278762806,1889.218749217,242.322069657,38564,0,122430,107284.831275983,38484,32145.098304785,19763,0.000000000,0,0.000000000,
13,0,CT_abs,DS,0,0.500000000,16,60.001437381,0,2018.700940450,2019.644584314,242.322069657,40173,0,127274,111353.314344202,40077,33455.837296540,23089,0.000000000,0,0.000000000,
14,0,CT_abs,DS,0,0.500000000,16,60.003934927,0,2265.661542277,2266.635787576,247.249423037,8721,0,34424,148870.782064989,8720,43680.770171367,197907,0.000000000,0,0.000000000,
15,0,CT_abs,DS,0,0.500000000,16,60.015858109,0,2440.501314819,2441.483533942,247.249423037,7982,0,39240,166654.586788645,7981,42879.722580056,207593,0.000000000,0,0.000000000,
16,0,CT_abs,DS,0,0.500000000,16,60.019538797,0,2725.993635226,2726.516209434,285.524925115,3558,0,43516,284369.826495874,3557,29106.882915964,2974,0.000000000,0,0.000000000,
17,0,CT_abs,DS,0,0.500000000,16,60.002300749,0,2924.988092749,2925.512338598,285.638278248,3594,0,43920,286804.554407806,3593,29449.886142389,3184,0.000000000,0,0.000000000,
18,0,CT_abs,DS,0,0.500000000,16,60.019687043,0,3055.540428493,3056.063564971,285.530437723,3570,0,43644,285139.342246757,3569,29208.073616108,3059,0.000000000,0,0.000000000,
19,0,CT_abs,DS,0,0.500000000,16,60.023087615,0,3085.682310001,3085.907571881,285.524925115,1897,0,16019,81496.277794677,1896,2110.141249406,167454,0.000000000,0,0.000000000,
5,0,CT_abs,DS,0,0.500000000,18,0.093471737,1,274.872341689,275.117378649,82.952153895,94,0,208,1161.301872808,93,673.963708402,0,0.000000000,0,0.000000000,
6,0,CT_abs,DS,0,0.500000000,18,0.096607877,1,425.328695347,425.573732307,150.456353658,94,0,208,1161.301872808,93,673.963708402,0,0.000000000,0,0.000000000,
7,0,CT_abs,DS,0,0.500000000,18,0.099212416,1,555.743668767,555.988705727,150.456353658,94,0,208,1161.301872808,93,673.963708402,0,0.000000000,0,0.000000000,
8,0,CT_abs,DS,0,0.500000000,18,0.514208582,1,720.817787370,721.122083268,165.133377541,102,0,232,1194.147539216,101,673.963708402,690,0.000000000,0,0.000000000,
20,0,CT_abs,DS,0,0.500000000,16,60.012723581,0,3267.908625416,3268.133761103,285.524925115,1896,0,20151,90948.551217248,1895,2110.141249406,197453,0.000000000,0,0.000000000,
9,0,CT_abs,DS,0,0.500000000,18,0.536056012,1,870.486629241,870.790925139,165.133377541,102,0,232,1194.147539216,101,673.963708402,690,0.000000000,0,0.000000000,
21,0,CT_abs,DS,0,0.500000000,16,60.023813636,0,3368.400460991,3368.627260882,285.557829255,1933,0,20577,92834.562346813,1932,2174.462591794,201385,0.000000000,0,0.000000000,
10,0,CT_abs,DS,0,0.500000000,18,2.014702321,1,994.293009133,994.765950856,165.133377541,813,0,2054,7415.850384893,806,3793.872081364,1242,0.000000000,0,0.000000000,
22,0,CT_abs,DS,0,0.500000000,16,60.036436393,0,3479.285040969,3479.508060839,285.505042100,1855,0,19708,88983.779445228,1854,2081.401917810,193112,0.000000000,0,0.000000000,
23,0,CT_abs,DS,0,0.500000000,16,60.009382903,0,3693.049465170,3693.271490615,285.492320407,1841,0,19555,88301.703651607,1840,2081.401917810,191405,0.000000000,0,0.000000000,
7,0,CT_abs,DS,0,0.500000000,17,60.005122994,0,1285.988139376,1286.757031657,259.069110145,10325,0,27514,92879.348471966,10324,40309.817287259,9459,0.000000000,0,0.000000000,
8,0,CT_abs,DS,0,0.500000000,17,60.000316778,0,1415.216481680,1416.255848689,259.345555215,9045,0,28944,103214.393985035,9043,42840.623626370,17886,0.000000000,0,0.000000000,
9,0,CT_abs,DS,0,0.500000000,17,60.000868379,0,1627.062418642,1628.170326884,259.817188278,9171,0,30620,126288.973454647,9167,47940.585123612,8568,0.000000000,0,0.000000000,
10,0,CT_abs,DS,0,0.500000000,17,60.025093052,0,1847.160324991,1848.270650274,259.817188278,9268,0,30872,127386.353700764,9264,48541.480326066,9040,0.000000000,0,0.000000000,
11,0,CT_abs,DS,0,0.500000000,17,60.000937005,0,1956.032926688,1957.137783476,259.817188278,9049,0,30286,124925.191467857,9046,47144.176101664,8096,0.000000000,0,0.000000000,
12,0,CT_abs,DS,0,0.500000000,17,60.001121841,0,1998.755794377,1999.875957044,259.817188278,9701,0,32110,132882.341000304,9697,51408.801025038,9891,0.000000000,0,0.000000000,
13,0,CT_abs,DS,0,0.500000000,17,60.001930372,0,2126.268884398,2126.951325380,259.069110145,843,0,3919,14698.888213471,842,1402.399823424,105533,0.000000000,0,0.000000000,
14,0,CT_abs,DS,0,0.500000000,17,60.030334887,0,2251.019113598,2251.697401543,259.069110145,829,0,3874,14548.450780984,828,1373.015249260,104735,0.000000000,0,0.000000000,
15,0,CT_abs,DS,0,0.500000000,17,60.013186429,0,2529.575585112,2530.252578382,278.556471514,806,0,5102,24925.534512898,805,1404.843352782,104373,0.000000000,0,0.000000000,
5,0,CT_abs,DS,0,0.500000000,19,0.109478741,1,573.083852254,573.144629142,136.388614764,53,0,154,575.686860340,52,253.478888920,2062,0.000000000,0,0.000000000,
16,0,CT_abs,DS,0,0.500000000,17,60.031280864,0,2693.672243044,2694.355795865,278.556471514,818,0,5384,26257.751716158,817,1417.025604629,106080,0.000000000,0,0.000000000,
6,0,CT_abs,DS,0,0.500000000,19,0.084656582,1,676.214669242,676.275446130,136.388614764,53,0,154,575.686860340,52,253.478888920,2062,0.000000000,0,0.000000000,
7,0,CT_abs,DS,0,0.500000000,19,9.941109579,1,975.835480945,976.558095122,300.282648992,111,0,327,805.327727198,110,253.478888920,5993,0.000000000,0,0.000000000,
8,0,CT_abs,DS,0,0.500000000,19,10.717293614,1,1189.006365610,1190.192250881,300.282648992,284,0,945,3768.547303110,283,1080.301078276,11541,0.000000000,0,0.000000000,
11,0,CT_abs,DS,0,0.500000000,18,33.862126210,1,1235.843727648,1236.620460895,241.609977454,2956,0,8478,26159.415899269,2939,10454.172527785,38772,0.000000000,0,0.000000000,
17,0,CT_abs,DS,0,0.500000000,17,60.096149695,0,2736.201335025,2736.879622970,278.556471514,808,0,5312,25909.989510884,807,1404.843352782,104735,0.000000000,0,0.000000000,
18,0,CT_abs,DS,0,0.500000000,17,60.049464394,0,2965.318805413,2965.997093358,278.556471514,808,0,5312,25909.989510884,807,1404.843352782,104735,0.000000000,0,0.000000000,
9,0,CT_abs,DS,0,0.500000000,19,14.974446737,1,1247.531026653,1249.013297201,300.282648992,3448,0,11771,17187.809748532,3447,5464.553270978,35733,0.000000000,0,0.000000000,
10,0,CT_abs,DS,0,0.500000000,19,14.771783568,1,1286.695048343,1288.177318891,300.282648992,3448,0,11771,17187.809748532,3447,5464.553270978,35733,0.000000000,0,0.000000000,
19,0,CT_abs,DS,0,0.500000000,17,60.066474587,0,3089.003251585,3089.680240273,278.556471514,805,0,5292,25819.166701703,804,1404.843352782,104313,0.000000000,0,0.000000000,
12,0,CT_abs,DS,0,0.500000000,19,14.101773656,1,1468.599788219,1470.082058766,300.282648992,3448,0,11771,17187.809748532,3447,5464.553270978,35733,0.000000000,0,0.000000000,
20,0,CT_abs,DS,0,0.500000000,17,60.058650765,0,3289.606902685,3290.247265428,278.556471514,684,0,5377,25528.658605774,683,1156.705390408,127316,0.000000000,0,0.000000000,
11,0,CT_abs,DS,0,0.500000000,19,14.546497934,1,1445.054691132,1446.536961680,300.282648992,3448,0,11771,17187.809748532,3447,5464.553270978,35733,0.000000000,0,0.000000000,
21,0,CT_abs,DS,0,0.500000000,17,60.102019510,0,3525.828054505,3526.574173878,278.556471514,1286,0,11241,57510.433993306,1257,7042.002986248,164271,0.000000000,0,0.000000000,
22,0,CT_abs,DS,0,0.500000000,17,60.062835138,0,3601.203153638,3601.936538453,278.556471514,1184,0,11432,58017.365184312,1159,6620.735463357,150718,0.000000000,0,0.000000000,
23,0,CT_abs,DS,0,0.500000000,17,60.028458149,0,3785.165185447,3785.908985543,278.556471514,1276,0,12227,61831.730333299,1247,7014.483666060,162843,0.000000000,0,0.000000000,
12,0,CT_abs,DS,0,0.500000000,18,60.058199745,0,1479.578322802,1479.791403006,243.802979488,1155,0,5649,13639.065217903,1154,770.981180435,40897,0.000000000,0,0.000000000,
14,0,CT_abs,DS,0,0.500000000,18,60.057387834,0,1758.172185608,1758.366553928,243.768694990,1137,0,7290,22767.798734803,1135,733.948177290,71762,0.000000000,0,0.000000000,
13,0,CT_abs,DS,0,0.500000000,18,60.049005347,0,1645.626907513,1645.821123642,243.747757484,1135,0,7282,22750.991196731,1133,733.948177290,71729,0.000000000,0,0.000000000,
5,0,CT_abs,DS,0,0.500000000,20,1.218199385,1,895.468769050,896.809300495,250.537286860,348,0,816,3630.772057685,347,1532.844177574,0,0.000000000,0,0.000000000,
15,0,CT_abs,DS,0,0.500000000,18,60.042274743,0,1811.783351844,1811.977811321,243.747757484,1140,0,7304,22811.184595586,1138,733.948177290,72028,0.000000000,0,0.000000000,
16,0,CT_abs,DS,0,0.500000000,18,60.065212030,0,1903.336335576,1903.531996205,243.892963320,1163,0,7438,23197.580073327,1161,747.339079681,72910,0.000000000,0,0.000000000,
17,0,CT_abs,DS,0,0.500000000,18,60.012889972,0,2118.596859550,2118.792083044,243.734595154,1152,0,7372,23035.055410621,1150,737.104538055,72453,0.000000000,0,0.000000000,
18,0,CT_abs,DS,0,0.500000000,18,60.041582653,0,2355.299301846,2355.485454742,243.751042064,956,0,6289,19831.488354267,955,625.686508607,61105,0.000000000,0,0.000000000,
19,0,CT_abs,DS,0,0.500000000,18,60.035283436,0,2590.133750802,2590.330242589,243.845241028,1163,0,7337,23115.345895771,1161,753.672957238,71997,0.000000000,0,0.000000000,
20,0,CT_abs,DS,0,0.500000000,18,60.017933309,0,2644.788509486,2644.983418768,243.746417067,1131,0,7160,22576.446034430,1129,736.370030403,70423,0.000000000,0,0.000000000,
21,0,CT_abs,DS,0,0.500000000,18,60.040987175,0,2690.412408881,2690.605716435,243.747757484,1098,0,6963,21986.456596608,1097,717.269049935,68225,0.000000000,0,0.000000000,
22,0,CT_abs,DS,0,0.500000000,18,60.015249880,0,2773.902095866,2774.098880381,243.746417067,1174,0,7397,23303.555827306,1172,765.471734880,72505,0.000000000,0,0.000000000,
23,0,CT_abs,DS,0,0.500000000,18,60.007944989,0,2934.527345303,2934.721965399,243.808328965,1128,0,7138,22511.689982034,1126,733.098011621,70245,0.000000000,0,0.000000000,
13,0,CT_abs,DS,0,0.500000000,19,60.025117726,0,1617.035610485,1617.757161141,299.837513892,334,0,1558,4306.839847853,333,67.162326427,22347,0.000000000,0,0.000000000,
14,0,CT_abs,DS,0,0.500000000,19,60.173668597,0,1637.291944447,1637.993961547,299.817980336,322,0,1516,4169.554181946,321,59.615419071,21600,0.000000000,0,0.000000000,
15,0,CT_abs,DS,0,0.500000000,19,60.039199405,0,1650.299948978,1651.171463600,299.987477858,348,0,1611,4441.812969940,347,73.095309676,23157,0.000000000,0,0.000000000,
16,0,CT_abs,DS,0,0.500000000,19,60.183095942,0,1829.762162031,1830.430996586,299.784797792,313,0,1486,4103.600829352,312,59.615419071,21062,0.000000000,0,0.000000000,
17,0,CT_abs,DS,0,0.500000000,19,60.087943622,0,1965.562989447,1966.284540103,299.837513892,331,0,2186,8349.262810983,330,73.227289065,22061,0.000000000,0,0.000000000,
18,0,CT_abs,DS,0,0.500000000,19,60.092246944,0,2107.615675978,2108.317697270,299.817984527,323,0,2149,8185.020255109,322,59.615419071,21660,0.000000000,0,0.000000000,
19,0,CT_abs,DS,0,0.500000000,19,60.176071629,0,2281.205492533,2281.911917578,299.822388281,328,0,2171,8298.640877585,327,73.227289065,21777,0.000000000,0,0.000000000,
20,0,CT_abs,DS,0,0.500000000,19,60.135459778,0,2525.809827916,2526.948192751,299.987477858,624,0,4592,26614.345407965,623,597.783216528,54313,0.000000000,0,0.000000000,
21,0,CT_abs,DS,0,0.500000000,19,60.142912083,0,2724.046536666,2725.184901502,299.987477858,636,0,5802,37401.103607844,635,693.662230616,55903,0.000000000,0,0.000000000,
5,0,CT_abs,DS,0,0.500000000,21,0.085888846,1,581.839150565,581.943955806,185.603301522,39,0,102,619.060606002,38,287.755159167,0,0.000000000,0,0.000000000,
22,0,CT_abs,DS,0,0.500000000,19,60.207789641,0,2757.231279337,2758.318229774,300.202913674,565,0,5132,33267.285481106,564,693.662230616,49594,0.000000000,0,0.000000000,
6,0,CT_abs,DS,0,0.500000000,21,0.087147599,1,619.856246006,619.961051246,185.603301522,39,0,102,619.060606002,38,287.755159167,0,0.000000000,0,0.000000000,
7,0,CT_abs,DS,0,0.500000000,21,0.088234961,1,634.598254211,634.703059452,185.603301522,39,0,102,619.060606002,38,287.755159167,0,0.000000000,0,0.000000000,
8,0,CT_abs,DS,0,0.500000000,21,0.088113905,1,744.776893608,744.881698849,185.603301522,39,0,102,619.060606002,38,287.755159167,0,0.000000000,0,0.000000000,
10,0,CT_abs,DS,0,0.500000000,21,0.090224138,1,850.506848357,850.611653598,185.603301522,39,0,102,619.060606002,38,287.755159167,0,0.000000000,0,0.000000000,
9,0,CT_abs,DS,0,0.500000000,21,0.112089473,1,777.455290609,777.560095850,185.603301522,39,0,102,619.060606002,38,287.755159167,0,0.000000000,0,0.000000000,
11,0,CT_abs,DS,0,0.500000000,21,0.092728871,1,907.671223442,907.776028683,185.603301522,39,0,102,619.060606002,38,287.755159167,0,0.000000000,0,0.000000000,
12,0,CT_abs,DS,0,0.500000000,21,0.140170644,1,1102.947162114,1103.053695349,195.277666666,42,0,111,651.231491598,41,293.467470954,93,0.000000000,0,0.000000000,
23,0,CT_abs,DS,0,0.500000000,19,60.055108443,0,2918.335059708,2919.164737217,299.620811703,610,0,6235,37111.426002828,605,598.725492025,73266,0.000000000,0,0.000000000,
6,0,CT_abs,DS,0,0.500000000,20,60.000059950,0,1038.721191595,1039.422832219,250.435793791,12730,0,41048,94857.084382135,12727,29733.751405701,101979,0.000000000,0,0.000000000,
7,0,CT_abs,DS,0,0.500000000,20,60.002383089,0,1278.223215212,1278.836139063,250.644887968,12906,0,49358,141465.456465181,12905,39851.963376216,110752,0.000000000,0,0.000000000,
8,0,CT_abs,DS,0,0.500000000,20,60.006216943,0,1304.485877102,1305.101713520,250.577494305,13181,0,50352,144251.592007801,13180,40623.842032727,112843,0.000000000,0,0.000000000,
9,0,CT_abs,DS,0,0.500000000,20,60.004483061,0,1499.604788336,1500.214401416,250.537286860,12613,0,48284,138565.168813587,12612,39193.985168135,107242,0.000000000,0,0.000000000,
10,0,CT_abs,DS,0,0.500000000,20,60.007569763,0,1578.846868194,1579.455966454,250.537286860,12556,0,48074,138015.198808992,12555,39076.831255203,106451,0.000000000,0,0.000000000,
11,0,CT_abs,DS,0,0.500000000,20,60.005056563,0,1654.735372313,1655.348224623,250.537286860,12895,0,49324,141362.982932289,12894,39823.355728842,110752,0.000000000,0,0.000000000,
12,0,CT_abs,DS,0,0.500000000,20,60.006428235,0,1687.599804025,1688.208980624,250.607386615,12565,0,48106,138084.643180536,12564,39094.408472060,106522,0.000000000,0,0.000000000,
13,0,CT_abs,DS,0,0.500000000,20,60.002827362,0,1818.950910017,1819.560219277,250.435793791,12579,0,48160,138230.068164326,12578,39125.401310793,106664,0.000000000,0,0.000000000,
5,0,CT_abs,DS,0,0.500000000,22,0.004781886,1,659.173440494,659.173440494,197.993018059,1,0,0,0.000000000,0,0.000000000,0,0.000000000,0,0.000000000,
14,0,CT_abs,DS,0,0.500000000,20,60.003252462,0,1921.263123773,1921.871044939,250.537286860,12419,0,47584,136774.280287411,12418,38757.274269839,105521,0.000000000,0,0.000000000,
6,0,CT_abs,DS,0,0.500000000,22,0.005743754,1,737.114609816,737.114609816,197.993018059,1,0,0,0.000000000,0,0.000000000,0,0.000000000,0,0.000000000,
7,0,CT_abs,DS,0,0.500000000,22,0.005388220,1,845.633884731,845.633884731,197.993018059,1,0,0,0.000000000,0,0.000000000,0,0.000000000,0,0.000000000,
8,0,CT_abs,DS,0,0.500000000,22,0.006133633,1,939.126062870,939.126062870,197.993018059,1,0,0,0.000000000,0,0.000000000,0,0.000000000,0,0.000000000,
9,0,CT_abs,DS,0,0.500000000,22,0.006611847,1,1020.322029767,1020.322029767,197.993018059,1,0,0,0.000000000,0,0.000000000,0,0.000000000,0,0.000000000,
10,0,CT_abs,DS,0,0.500000000,22,0.008073981,1,1145.412018601,1145.412018601,197.993018059,1,0,0,0.000000000,0,0.000000000,0,0.000000000,0,0.000000000,
15,0,CT_abs,DS,0,0.500000000,20,60.002627248,0,1964.079366121,1964.692204024,250.607386615,12892,0,49312,141331.046288517,12891,39816.676392275,110752,0.000000000,0,0.000000000,
11,0,CT_abs,DS,0,0.500000000,22,0.007810867,1,1169.243178438,1169.243178438,197.993018059,1,0,0,0.000000000,0,0.000000000,0,0.000000000,0,0.000000000,
16,0,CT_abs,DS,0,0.500000000,20,60.008887464,0,2128.378962494,2128.994610243,250.607386615,13163,0,50292,144053.889811953,13162,40569.985502735,112578,0.000000000,0,0.000000000,
12,0,CT_abs,DS,0,0.500000000,22,0.105661901,1,1401.592638207,1402.055909301,232.812730862,15,0,34,171.549707920,14,37.805751977,0,0.000000000,0,0.000000000,
13,0,CT_abs,DS,0,0.500000000,22,0.850408944,1,1595.639150504,1596.599849858,232.812730862,376,0,1824,3480.191017312,375,923.682123222,992,0.000000000,0,0.000000000,
14,0,CT_abs,DS,0,0.500000000,22,0.849731569,1,1775.460123388,1776.420822743,232.812730862,376,0,1824,3480.191017312,375,923.682123222,992,0.000000000,0,0.000000000,
17,0,CT_abs,DS,0,0.500000000,20,60.002821120,0,2260.393516070,2261.005831930,250.687125391,12845,0,49146,140944.700659983,12844,39708.629931867,109999,0.000000000,0,0.000000000,
16,0,CT_abs,DS,0,0.500000000,22,23.504179234,1,2003.760067757,2005.072685734,232.812730862,8196,0,22598,45670.134353970,8195,8619.887121840,7123,0.000000000,0,0.000000000,
15,0,CT_abs,DS,0,0.500000000,22,24.230932520,1,1928.693674720,1930.006292696,232.812730862,8196,0,22598,45670.134353970,8195,8619.887121840,7123,0.000000000,0,0.000000000,
17,0,CT_abs,DS,0,0.500000000,22,24.692436196,1,2086.396307878,2087.708925855,232.812730862,8196,0,22598,45670.134353970,8195,8619.887121840,7123,0.000000000,0,0.000000000,
18,0,CT_abs,DS,0,0.500000000,20,60.000726295,0,2294.229886337,2294.845180858,250.484973900,13128,0,50166,143701.426666924,13127,40473.040296882,112280,0.000000000,0,0.000000000,
19,0,CT_abs,DS,0,0.500000000,20,60.008414797,0,2477.880844247,2478.492135748,250.537449084,12748,0,48784,140043.554970367,12747,39469.744488939,108491,0.000000000,0,0.000000000,
5,0,CT_abs,DS,0,0.500000000,23,0.185712767,1,915.515865516,915.991214345,256.604936907,24,0,50,313.105578551,23,140.849029082,0,0.000000000,0,0.000000000,
6,0,CT_abs,DS,0,0.500000000,23,0.143888051,1,1028.871425079,1029.346773908,256.604936907,24,0,50,313.105578551,23,140.849029082,0,0.000000000,0,0.000000000,
7,0,CT_abs,DS,0,0.500000000,23,0.150828643,1,1161.256639253,1161.731988082,256.604936907,24,0,50,313.105578551,23,140.849029082,0,0.000000000,0,0.000000000,
20,0,CT_abs,DS,0,0.500000000,20,60.006570981,0,2747.837696519,2747.975511271,270.000276957,9626,0,105500,569871.124242925,9625,90279.087998583,131237,0.000000000,0,0.000000000,
21,0,CT_abs,DS,0,0.500000000,20,60.003301607,0,2888.886181420,2889.023997236,269.975852268,9634,0,105610,570480.805238309,9633,90391.175725345,131665,0.000000000,0,0.000000000,
8,0,CT_abs,DS,0,0.500000000,23,1.004641501,1,1367.660251558,1368.342440734,256.604936907,134,0,414,1712.408824917,133,565.119270139,1312,0.000000000,0,0.000000000,
22,0,CT_abs,DS,0,0.500000000,20,60.010163498,0,2941.316554356,2941.454399288,269.966366810,9646,0,105766,571215.652563147,9645,90482.852215699,132920,0.000000000,0,0.000000000,
23,0,CT_abs,DS,0,0.500000000,20,60.000466080,0,3173.666014124,3173.770704566,269.965735842,8675,0,90164,495987.100235164,8624,72039.660745897,151093,0.000000000,0,0.000000000,
9,0,CT_abs,DS,0,0.500000000,23,5.463691516,1,1553.931845004,1554.715527249,256.604936907,660,0,2034,9110.773088333,659,2813.992967156,4592,0.000000000,0,0.000000000,
13,0,CT_abs,DS,0,0.500000000,21,60.058717289,0,1353.171432204,1353.691170760,250.555064353,5582,0,19783,54182.259444187,5581,14225.570286183,136680,0.000000000,0,0.000000000,
10,0,CT_abs,DS,0,0.500000000,23,5.549204241,1,1695.811441341,1696.595123586,256.604936907,660,0,2034,9110.773088333,659,2813.992967156,4592,0.000000000,0,0.000000000,
14,0,CT_abs,DS,0,0.500000000,21,60.076107365,0,1498.580717361,1499.100608808,250.522061950,5586,0,19800,54242.103824588,5585,14229.603583527,136867,0.000000000,0,0.000000000,
11,0,CT_abs,DS,0,0.500000000,23,5.461369207,1,1733.333256342,1734.116938588,256.604936907,660,0,2034,9110.773088333,659,2813.992967156,4592,0.000000000,0,0.000000000,
12,0,CT_abs,DS,0,0.500000000,23,5.464618349,1,1819.230836327,1820.014518572,256.604936907,660,0,2034,9110.773088333,659,2813.992967156,4592,0.000000000,0,0.000000000,
15,0,CT_abs,DS,0,0.500000000,21,60.060372705,0,1533.457269210,1533.976396384,250.481905253,5566,0,19711,53961.581782568,5565,14202.512624735,136044,0.000000000,0,0.000000000,
13,0,CT_abs,DS,0,0.500000000,23,5.550679449,1,1942.290680347,1943.074362593,256.604936907,660,0,2034,9110.773088333,659,2813.992967156,4592,0.000000000,0,0.000000000,
16,0,CT_abs,DS,0,0.500000000,21,60.068151940,0,1844.151077687,1844.637251041,310.698992428,2765,0,16771,83345.477767457,2764,17089.851230030,119989,0.000000000,0,0.000000000,
14,0,CT_abs,DS,0,0.500000000,23,5.861453205,1,1988.505732456,1989.289414702,256.604936907,660,0,2034,9110.773088333,659,2813.992967156,4592,0.000000000,0,0.000000000,
15,0,CT_abs,DS,0,0.500000000,23,5.497831384,1,2144.331854774,2145.115537020,256.604936907,660,0,2034,9110.773088333,659,2813.992967156,4592,0.000000000,0,0.000000000,
17,0,CT_abs,DS,0,0.500000000,21,60.053777847,0,1926.168507980,1926.650421967,310.694733061,2724,0,16493,82144.364949120,2723,16887.726006541,117488,0.000000000,0,0.000000000,
5,0,CT_abs,DS,0,0.500000000,24,0.894315855,1,681.981425930,682.063661383,170.426570312,156,0,592,3311.670188479,155,1310.872030045,14230,0.000000000,0,0.000000000,
18,0,CT_abs,DS,0,0.500000000,21,60.049172016,0,2077.132652270,2077.613366684,311.045398843,2706,0,16373,81634.279837598,2705,16844.236863169,116234,0.000000000,0,0.000000000,
16,0,CT_abs,DS,0,0.500000000,23,7.193891588,1,2149.987397645,2150.771079890,256.604936907,660,0,2034,9110.773088333,659,2813.992967156,4592,0.000000000,0,0.000000000,
6,0,CT_abs,DS,0,0.500000000,24,0.877707826,1,867.970862066,868.053097520,185.989436136,156,0,592,3311.670188479,155,1310.872030045,14230,0.000000000,0,0.000000000,
19,0,CT_abs,DS,0,0.500000000,21,60.028365616,0,2324.607789633,2325.429983091,310.693808477,6027,0,43610,218166.397155001,6024,43029.678325289,113073,0.000000000,0,0.000000000,
7,0,CT_abs,DS,0,0.500000000,24,0.904092678,1,949.232267289,949.314502743,185.989436136,156,0,592,3311.670188479,155,1310.872030045,14230,0.000000000,0,0.000000000,
8,0,CT_abs,DS,0,0.500000000,24,0.890145932,1,1171.120259023,1171.202494477,221.887991733,156,0,592,3311.670188479,155,1310.872030045,14230,0.000000000,0,0.000000000,
9,0,CT_abs,DS,0,0.500000000,24,0.878940019,1,1295.275527154,1295.357762608,221.887991733,156,0,592,3311.670188479,155,1310.872030045,14230,0.000000000,0,0.000000000,
20,0,CT_abs,DS,0,0.500000000,21,60.004066521,0,2570.281298480,2571.109383929,310.693808477,4200,0,33119,187766.003985681,4197,30484.513239169,159542,0.000000000,0,0.000000000,
11,0,CT_abs,DS,0,0.500000000,24,0.895621065,1,1571.062113325,1571.144348778,221.887991733,156,0,592,3311.670188479,155,1310.872030045,14230,0.000000000,0,0.000000000,
10,0,CT_abs,DS,0,0.500000000,24,1.062543446,1,1373.273443441,1373.355678895,221.887991733,156,0,592,3311.670188479,155,1310.872030045,14230,0.000000000,0,0.000000000,
21,0,CT_abs,DS,0,0.500000000,21,60.004781583,0,2681.788711435,2682.615395081,310.694594314,4127,0,32649,185204.082851545,4124,29895.872628012,158280,0.000000000,0,0.000000000,
12,0,CT_abs,DS,0,0.500000000,24,0.883856078,1,1693.205039616,1693.287275070,221.887991733,156,0,592,3311.670188479,155,1310.872030045,14230,0.000000000,0,0.000000000,
13,0,CT_abs,DS,0,0.500000000,24,0.905117883,1,1845.280277379,1845.362512833,221.887991733,156,0,632,3351.670188751,155,1310.872030045,14230,0.000000000,0,0.000000000,
14,0,CT_abs,DS,0,0.500000000,24,0.898862282,1,2026.008896142,2026.091131596,221.887991733,156,0,632,3351.670188751,155,1310.872030045,14230,0.000000000,0,0.000000000,
22,0,CT_abs,DS,0,0.500000000,21,60.057348431,0,2817.018031960,2817.828008340,310.693808477,3458,0,29660,176369.584924800,3455,23892.454939135,136275,0.000000000,0,0.000000000,
23,0,CT_abs,DS,0,0.500000000,21,60.093673965,0,3069.076367006,3069.639229822,311.256671293,6146,0,56690,386110.473976417,6129,59393.848175910,171918,0.000000000,0,0.000000000,
15,0,CT_abs,DS,0,0.500000000,24,3.743035974,1,2234.817653147,2235.660301814,221.887991733,482,0,1898,9442.600466053,481,3816.720835775,39971,0.000000000,0,0.000000000,
5,0,CT_abs,DS,0,0.500000000,25,0.003363436,1,526.359421432,526.359421432,144.638779805,1,0,0,0.000000000,0,0.000000000,0,0.000000000,0,0.000000000,
16,0,CT_abs,DS,0,0.500000000,24,3.717709222,1,2345.222682471,2346.065331138,221.887991733,482,0,1898,9442.600466053,481,3816.720835775,39971,0.000000000,0,0.000000000,
17,0,CT_abs,DS,0,0.500000000,24,3.736846006,1,2347.801763315,2348.644411982,221.887991733,482,0,1898,9442.600466053,481,3816.720835775,39971,0.000000000,0,0.000000000,
6,0,CT_abs,DS,0,0.500000000,25,0.004880591,1,727.461838643,727.461838643,201.102417211,1,0,0,0.000000000,0,0.000000000,0,0.000000000,0,0.000000000,
7,0,CT_abs,DS,0,0.500000000,25,0.007449884,1,992.994338303,992.994338303,265.532499660,1,0,0,0.000000000,0,0.000000000,0,0.000000000,0,0.000000000,
8,0,CT_abs,DS,0,0.500000000,25,0.008589884,1,1164.634054085,1164.634054085,265.532499660,1,0,0,0.000000000,0,0.000000000,0,0.000000000,0,0.000000000,
9,0,CT_abs,DS,0,0.500000000,25,0.011623583,1,1427.983499334,1427.983499334,265.532499660,1,0,0,0.000000000,0,0.000000000,0,0.000000000,0,0.000000000,
17,0,CT_abs,DS,0,0.500000000,23,18.301530239,1,2358.329778219,2359.588809293,256.604936907,1975,0,6034,30054.655922964,1974,9449.825732115,10338,0.000000000,0,0.000000000,
19,0,CT_abs,DS,0,0.500000000,23,17.845620851,1,2568.279438592,2569.538469667,256.604936907,1975,0,6034,30054.655922964,1974,9449.825732115,10338,0.000000000,0,0.000000000,
18,0,CT_abs,DS,0,0.500000000,23,18.428623105,1,2452.511451672,2453.770482747,256.604936907,1975,0,6034,30054.655922964,1974,9449.825732115,10338,0.000000000,0,0.000000000,
11,0,CT_abs,DS,0,0.500000000,25,4.450328737,1,1746.048013696,1746.349746542,265.535397939,520,0,1374,2731.514486509,519,1180.943169532,58,0.000000000,0,0.000000000,
10,0,CT_abs,DS,0,0.500000000,25,4.903564337,1,1683.042678152,1683.344410998,265.535397939,520,0,1374,2731.514486509,519,1180.943169532,58,0.000000000,0,0.000000000,
20,0,CT_abs,DS,0,0.500000000,23,20.598626774,1,2638.517571673,2639.776602747,256.604936907,1975,0,6034,30054.655922964,1974,9449.825732115,10338,0.000000000,0,0.000000000,
18,0,CT_abs,DS,0,0.500000000,22,60.001520185,0,2184.990817146,2186.467396479,232.595966977,18670,0,48632,104215.332225033,18667,19773.210602975,11507,0.000000000,0,0.000000000,
18,0,CT_abs,DS,0,0.500000000,24,15.452697504,1,2481.108387792,2481.951036459,221.887991733,1614,0,9102,45731.335877463,1583,15826.294846555,256669,0.000000000,0,0.000000000,
19,0,CT_abs,DS,0,0.500000000,24,14.942125428,1,2612.661529432,2613.504178099,221.887991733,1614,0,9102,45731.335877463,1583,15826.294846555,256669,0.000000000,0,0.000000000,
19,0,CT_abs,DS,0,0.500000000,22,60.001998908,0,2387.137445006,2388.615044062,232.812730862,18756,0,48834,104643.093388326,18753,19873.949984648,11522,0.000000000,0,0.000000000,
20,0,CT_abs,DS,0,0.500000000,22,60.001918843,0,2489.418371258,2490.891637034,232.613678625,18388,0,47908,102628.921864319,18386,19440.628461891,11363,0.000000000,0,0.000000000,
21,0,CT_abs,DS,0,0.500000000,22,60.002967920,0,2561.774326823,2564.795141761,232.349459769,16913,0,44257,93978.407838782,16912,17590.280922560,20470,0.000000000,0,0.000000000,
22,0,CT_abs,DS,0,0.500000000,22,60.001031708,0,2662.218985425,2665.243844777,232.349459769,17291,0,45247,96050.406768421,17290,17997.556033850,21002,0.000000000,0,0.000000000,
23,0,CT_abs,DS,0,0.500000000,22,60.000943984,0,2831.171635386,2834.192535827,232.590652376,16923,0,44285,94037.596939797,16922,17598.485579915,20470,0.000000000,0,0.000000000,
21,0,CT_abs,DS,0,0.500000000,23,60.008380443,0,2841.376715673,2842.563815588,256.604936907,8307,0,33954,148978.652061890,8070,45969.725998440,118279,0.000000000,0,0.000000000,
22,0,CT_abs,DS,0,0.500000000,23,60.012267568,0,2981.056356486,2982.245285087,257.089014438,8600,0,35158,154215.209891448,8363,47572.381523235,121183,0.000000000,0,0.000000000,
23,0,CT_abs,DS,0,0.500000000,23,60.010301792,0,3099.237555969,3100.439630394,256.604936907,8251,0,34074,150688.285726742,7974,43241.968117147,113366,0.000000000,0,0.000000000,
20,0,CT_abs,DS,0,0.500000000,24,60.015138897,0,2838.490212088,2839.392665631,225.850712970,5356,0,31382,165817.904973610,5346,63409.000363402,1014528,0.000000000,0,0.000000000,
22,0,CT_abs,DS,0,0.500000000,24,60.001224343,0,3218.682770066,3220.059792646,225.862236266,9248,0,56882,245396.722332396,9227,88281.167787916,152761,0.000000000,0,0.000000000,
21,0,CT_abs,DS,0,0.500000000,24,60.003474578,0,3013.124836051,3014.604522956,225.937392150,11368,0,39996,185175.337046582,11333,63078.685479251,48942,0.000000000,0,0.000000000,
23,0,CT_abs,DS,0,0.500000000,24,60.007434165,0,3300.704478940,3302.080883670,225.908779775,8535,0,52930,232083.558666649,8514,84662.614226466,151676,0.000000000,0,0.000000000,
12,0,CT_abs,DS,0,0.500000000,25,60.002652762,0,1929.012203052,1929.827447697,265.898378503,10961,0,41164,113589.059485307,10960,30159.853677263,59154,0.000000000,0,0.000000000,
13,0,CT_abs,DS,0,0.500000000,25,60.000273531,0,1968.874822867,1969.677553035,266.116402953,10440,0,39550,109199.212292138,10439,29139.655565307,56983,0.000000000,0,0.000000000,
14,0,CT_abs,DS,0,0.500000000,25,60.003650870,0,2249.980580798,2250.330043836,281.151185232,7104,0,38732,88931.210691826,7037,24697.262320113,74016,0.000000000,0,0.000000000,
15,0,CT_abs,DS,0,0.500000000,25,60.009386012,0,2404.436257073,2404.786217070,281.108656211,7129,0,38882,89246.455089679,7062,24772.675615390,74164,0.000000000,0,0.000000000,
16,0,CT_abs,DS,0,0.500000000,25,60.007923774,0,2606.397576053,2606.750303559,281.165379132,7225,0,39412,90414.057869654,7158,25005.250313113,75169,0.000000000,0,0.000000000,
17,0,CT_abs,DS,0,0.500000000,25,60.017814103,0,2712.105811066,2712.455324503,281.345463175,7108,0,38762,88995.504735663,7041,24705.310145953,74016,0.000000000,0,0.000000000,
18,0,CT_abs,DS,0,0.500000000,25,60.006329802,0,2808.870395768,2809.223932956,281.272344262,7265,0,39644,90930.177440110,7198,25123.079542519,75627,0.000000000,0,0.000000000,
19,0,CT_abs,DS,0,0.500000000,25,60.003222563,0,2949.027676485,2949.201903722,281.108656211,7115,0,54630,215688.379404882,6005,44244.635873120,536511,0.000000000,0,0.000000000,
20,0,CT_abs,DS,0,0.500000000,25,60.007357687,0,2988.122383551,2988.299029828,281.122632924,7523,0,57772,227066.456935441,6368,46901.037477351,569680,0.000000000,0,0.000000000,
21,0,CT_abs,DS,0,0.500000000,25,60.000640629,0,3133.685806912,3133.834584365,281.122632924,8440,0,75342,340751.394359424,7344,50799.155771826,417148,0.000000000,0,0.000000000,
22,0,CT_abs,DS,0,0.500000000,25,60.002936398,0,3211.187384230,3211.335666029,281.174522752,8321,0,74290,336161.843126759,7245,50147.008598411,410213,0.000000000,0,0.000000000,
23,0,CT_abs,DS,0,0.500000000,25,60.001751213,0,3337.360896580,3337.509662127,281.105757932,8264,0,82560,384799.517936835,7077,48789.627382720,414307,0.000000000,0,0.000000000,
